instance elaboratetime elaborateresult elaboratememory cakeelaboratetime cakeelaborateresult cakeelaboratememory trimtime trimresult trimmemory caketrimtime caketrimresult caketrimmemory
p_hat500-2.clq 18.51 0 293588 49.70 0 33555480 20.63 0 1489560 42.56 0 33557020
p_hat700-2.clq 186.74 0 2002004 301.29 0 33558544 197.77 0 9994136 287.00 0 33560100
p_hat1000-2.clq fail fail fail fail fail fail fail fail fail fail fail fail
brock200_3.clq 0.77 0 29540 2.31 0 2621992 0.86 0 96968 2.31 0 2614288
san200_0.7_1.clq 1.16 0 42348 3.12 0 3413048 1.22 0 95976 2.99 0 3400752
MANN_a45.clq fail fail fail fail fail fail fail fail fail fail fail fail
keller4.clq 0.76 0 29332 1.94 0 2135048 0.85 0 80548 2.00 0 2130464
p_hat1000-1.clq 51.66 0 484932 109.99 0 33569304 48.72 0 3403432 105.49 0 33569296
brock200_4.clq 3.09 0 63336 8.69 0 9735204 3.37 0 288412 11.08 0 9724436
san400_0.5_1.clq 1.36 0 86912 3.92 0 4288520 1.55 0 96940 3.83 0 4263952
johnson8-2-4.clq 0.00 0 9136 0.00 0 3084 0.00 0 9088 0.00 0 3092
p_hat500-1.clq 1.56 0 89168 4.37 0 3975180 1.28 0 226544 5.63 0 3927560
c-fat500-2.clq 0.10 0 97076 0.84 0 826404 0.07 0 103260 0.68 0 659000
sanr200_0.9.clq 767.25 0 16471068 1082.36 0 33553972 fail fail fail fail fail fail
p_hat500-3.clq fail fail fail fail fail fail fail fail fail fail fail fail
san400_0.7_3.clq 99.88 0 2604300 152.32 0 33557048 108.15 0 5692532 150.93 0 33555468
hamming10-2.clq 0.24 0 22912 1.17 0 1144344 0.17 0 28528 0.49 0 748048
hamming6-2.clq 0.00 0 9052 0.00 0 4664 0.00 0 9096 0.00 0 4652
c-fat200-1.clq 0.01 0 25444 0.12 0 121360 0.01 0 27548 0.10 0 109064
brock200_2.clq 0.21 0 20640 0.63 0 685084 0.24 0 40828 0.61 0 675864
MANN_a9.clq 0.00 0 9008 0.00 0 6148 0.01 0 9564 0.00 0 4644
san200_0.9_3.clq 302.56 0 6573352 427.60 0 33555460 379.54 0 22737060 465.82 0 33553960
hamming8-4.clq 3.81 0 114584 10.14 0 10761224 4.32 0 336844 9.74 0 10748952
gen200_p0.9_55.clq 8.51 0 180996 33.20 0 33555476 9.88 0 677436 28.89 0 33553956
hamming8-2.clq 0.01 0 11104 0.04 0 47672 0.01 0 13204 0.02 0 26140
johnson16-2-4.clq 6.78 0 130556 23.34 0 19941936 8.85 0 891520 20.02 0 19940372
DSJC1000_5.clq fail fail fail fail fail fail fail fail fail fail fail fail
san400_0.7_1.clq 19.67 0 401588 50.29 0 33557028 23.70 0 1136228 39.49 0 33557044
brock400_4.clq fail fail fail fail fail fail fail fail fail fail fail fail
c-fat200-5.clq 0.01 0 19304 0.11 0 124468 0.01 0 21384 0.07 0 86072
brock200_1.clq 26.41 0 426680 76.71 0 33555476 30.60 0 2918048 52.29 0 33555488
hamming6-4.clq 0.00 0 11156 0.01 0 15380 0.00 0 11136 0.01 0 13832
p_hat300-3.clq 54.49 0 878820 94.94 0 33555476 61.23 0 3709540 118.44 0 33555508
sanr200_0.7.clq 7.71 0 136756 24.71 0 26021432 10.36 0 875596 30.53 0 26015256
p_hat700-1.clq 5.72 0 180532 16.36 0 14263344 6.67 0 501332 15.76 0 14168088
p_hat300-2.clq 0.46 0 33812 1.42 0 1605156 0.46 0 56028 1.34 0 1562124
sanr400_0.7.clq fail fail fail fail fail fail fail fail fail fail fail fail
san200_0.9_2.clq 47.75 0 1065540 99.02 0 33550872 57.31 0 3653340 113.33 0 33553980
sanr400_0.5.clq 29.58 0 327396 65.41 0 33555512 33.05 0 3239556 73.44 0 33555500
p_hat1500-1.clq 526.72 0 2347296 954.70 0 33586232 528.31 0 31463088 870.71 0 33587752
san1000.clq 416.83 0 13995968 587.38 0 33564716 464.62 0 16287372 582.46 0 33564728
san200_0.9_1.clq 3.88 0 87752 12.93 0 15994380 4.20 0 344520 17.94 0 15974420
c-fat500-10.clq 0.13 0 76640 1.03 0 1036812 0.07 0 66416 0.50 0 500788
san200_0.7_2.clq 0.04 0 17256 0.14 0 149036 0.04 0 19300 0.12 0 141372
san400_0.9_1.clq 666.10 0 13534508 892.32 0 33555484 784.50 0 30824012 894.28 0 33555496
C125.9.clq 1.18 0 43024 4.06 0 4671000 1.39 0 128356 3.49 0 4663308
c-fat200-2.clq 0.01 0 25460 0.10 0 98344 0.01 0 25444 0.09 0 95268
p_hat300-1.clq 0.12 0 37684 0.54 0 526896 0.13 0 49548 0.51 0 513052
johnson8-4-4.clq 0.00 0 11084 0.01 0 15388 0.00 0 11092 0.01 0 15420
MANN_a27.clq 7.98 0 226688 26.63 0 33555512 8.34 0 359440 33.50 0 33555460
gen200_p0.9_44.clq 92.38 0 2075692 132.52 0 33555504 110.19 0 6604652 134.46 0 33555464
c-fat500-5.clq 0.11 0 86536 0.95 0 943120 0.06 0 78728 0.61 0 591416
c-fat500-1.clq 0.10 0 101476 0.80 0 792624 0.07 0 97484 0.71 0 694316
san400_0.7_2.clq 139.75 0 3306772 198.82 0 33557048 161.65 0 8465728 244.01 0 33555512
DSJC500_5.clq 129.63 0 1188112 227.17 0 33557044 159.78 0 11239028 281.00 0 33557004
