instance elaboratetime elaborateresult elaboratememory cakeelaboratetime cakeelaborateresult cakeelaboratememory trimtime trimresult trimmemory caketrimtime caketrimresult caketrimmemory
circuit_random_n_10_seed_35 0.02 0 13120 0.04 0 43044 0.02 0 15072 0.02 0 23076
circuit_random_n_10_seed_36 0.02 0 13144 0.04 0 44568 0.01 0 17236 0.03 0 32292
circuit_random_n_10_seed_37 0.02 0 15212 0.05 0 50720 0.01 0 15228 0.02 0 29204
circuit_random_n_10_seed_38 0.06 0 15256 0.11 0 107580 0.10 0 15208 0.05 0 50732
circuit_random_n_10_seed_39 0.02 0 13112 0.04 0 49188 0.03 0 17300 0.02 0 29212
circuit_random_n_11_seed_40 0.06 0 19300 0.10 0 104504 0.08 0 19356 0.06 0 67596
circuit_random_n_11_seed_41 0.03 0 15236 0.07 0 73744 0.08 0 17012 0.05 0 53800
circuit_random_n_11_seed_42 0.06 0 17236 0.12 0 113696 0.03 0 19312 0.04 0 43024
circuit_random_n_11_seed_43 0.07 0 17240 0.12 0 115208 0.04 0 19300 0.05 0 50732
circuit_random_n_11_seed_44 0.02 0 15160 0.05 0 58412 0.01 0 17240 0.02 0 29240
circuit_random_n_12_seed_45 0.01 0 15192 0.05 0 49208 0.01 0 17260 0.03 0 35384
circuit_random_n_12_seed_46 0.16 0 24932 0.37 0 388668 0.27 0 22904 0.18 0 190472
circuit_random_n_12_seed_47 0.03 0 15228 0.06 0 61488 0.01 0 17260 0.03 0 38444
circuit_random_n_12_seed_48 0.08 0 17208 0.14 0 130588 0.04 0 19308 0.03 0 38440
circuit_random_n_12_seed_49 0.09 0 21400 0.20 0 190496 0.03 0 21396 0.04 0 41472
circuit_random_n_13_seed_50 0.10 0 19284 0.16 0 172080 0.06 0 21356 0.06 0 63028
circuit_random_n_13_seed_51 0.05 0 17284 0.09 0 96792 0.06 0 17252 0.05 0 50696
circuit_random_n_13_seed_52 0.15 0 23416 0.31 0 310332 0.05 0 23412 0.04 0 50696
circuit_random_n_13_seed_53 0.06 0 17204 0.10 0 110636 0.06 0 17288 0.06 0 58428
circuit_random_n_13_seed_54 0.17 0 23396 0.28 0 314916 0.33 0 25400 0.21 0 213528
circuit_random_n_14_seed_55 0.08 0 19288 0.13 0 127488 0.03 0 19300 0.05 0 52232
circuit_random_n_14_seed_56 0.49 0 30104 0.79 0 797184 0.46 0 35132 0.34 0 356384
circuit_random_n_14_seed_57 0.82 0 34512 1.14 0 1208872 0.82 0 38760 0.56 0 569872
circuit_random_n_14_seed_58 0.08 0 17232 0.12 0 118328 0.03 0 17228 0.04 0 49188
circuit_random_n_14_seed_59 0.17 0 21372 0.31 0 334904 0.11 0 23412 0.10 0 109100
circuit_random_n_15_seed_60 0.07 0 17268 0.14 0 122896 0.05 0 17264 0.05 0 53804
circuit_random_n_15_seed_61 0.04 0 17276 0.09 0 86064 0.04 0 17236 0.05 0 52232
circuit_random_n_15_seed_62 0.38 0 20568 0.39 0 431648 0.43 0 22876 0.20 0 201240
circuit_random_n_15_seed_63 0.20 0 23448 0.29 0 297988 0.32 0 23388 0.15 0 153656
circuit_random_n_15_seed_64 0.12 0 17232 0.17 0 179724 0.13 0 20872 0.11 0 92192
circuit_random_n_16_seed_65 0.34 0 28596 0.70 0 685064 0.22 0 31084 0.15 0 150584
circuit_random_n_16_seed_66 0.25 0 24976 0.50 0 505380 0.15 0 29040 0.06 0 67624
circuit_random_n_16_seed_67 0.33 0 21356 0.40 0 430112 0.19 0 23452 0.09 0 93736
circuit_random_n_16_seed_68 0.40 0 26900 0.53 0 525332 0.13 0 29040 0.07 0 67636
circuit_random_n_16_seed_69 0.26 0 25432 0.33 0 310332 0.15 0 25440 0.09 0 76808
circuit_random_n_17_seed_70 0.70 0 40676 1.25 0 1314848 0.54 0 42136 0.27 0 258104
circuit_random_n_17_seed_71 0.10 0 19280 0.16 0 155196 0.09 0 19292 0.08 0 78376
circuit_random_n_17_seed_72 0.91 0 43700 1.72 0 1837084 2.10 0 57888 0.78 0 786460
circuit_random_n_17_seed_73 0.19 0 21100 0.26 0 259588 0.09 0 23368 0.08 0 82968
circuit_random_n_17_seed_74 0.46 0 33140 0.64 0 611360 0.19 0 33080 0.10 0 95264
circuit_random_n_18_seed_75 0.11 0 19328 0.18 0 164372 0.09 0 19284 0.09 0 86072
circuit_random_n_18_seed_76 2.85 0 34552 3.03 0 3073560 3.43 0 66540 1.09 0 1041432
circuit_random_n_18_seed_77 0.15 0 19352 0.21 0 207380 0.09 0 19328 0.09 0 96824
circuit_random_n_18_seed_78 0.73 0 36448 0.83 0 854044 1.03 0 38420 0.48 0 482308
circuit_random_n_18_seed_79 1.08 0 26072 1.30 0 1364000 0.90 0 38748 0.30 0 297996
circuit_random_n_21_seed_94 0.24 0 21364 0.29 0 276540 0.15 0 22116 0.12 0 118284
circuit_random_n_22_seed_95 20.74 0 213368 32.08 0 33553936 30.74 0 397116 11.06 0 12655128
circuit_random_n_22_seed_96 0.51 0 25348 0.42 0 416272 0.24 0 27500 0.16 0 159780
circuit_random_n_22_seed_97 2.48 0 57112 3.63 0 3875376 1.97 0 67500 0.46 0 476164
circuit_random_n_22_seed_98 0.56 0 27412 0.66 0 652844 0.31 0 29396 0.13 0 133664
circuit_random_n_22_seed_99 13.08 0 93980 9.09 0 9719864 19.07 0 168236 4.21 0 4205596
circuit_random_n_23_seed_100 36.63 0 256736 36.00 0 33553960 55.31 0 557364 11.38 0 12530700
circuit_random_n_23_seed_101 3.06 0 90532 6.22 0 6770740 8.90 0 128956 4.34 0 4634136
circuit_random_n_23_seed_102 4.81 0 108668 8.58 0 9216060 7.72 0 142104 1.35 0 1413160
circuit_random_n_23_seed_103 39.39 0 276620 36.62 0 33555496 79.95 0 597792 18.48 0 21156896
circuit_random_n_23_seed_104 2.20 0 55232 2.29 0 2262568 1.00 0 58152 0.18 0 172044
circuit_random_n_24_seed_106 2.31 0 55784 2.32 0 2347048 1.52 0 64256 0.32 0 294928
circuit_random_n_24_seed_107 2.05 0 52544 1.83 0 1918476 1.01 0 54396 0.18 0 168992
circuit_random_n_24_seed_109 7.38 0 77456 6.20 0 6569504 11.96 0 132960 3.23 0 3340836
circuit_random_n_25_seed_111 8.29 0 133152 13.56 0 15062036 9.03 0 170956 2.07 0 2319392
circuit_random_n_25_seed_113 2.40 0 64632 3.32 0 3422264 1.79 0 62916 0.22 0 210492
circuit_random_n_26_seed_115 2.13 0 56084 2.03 0 2049080 1.12 0 56952 0.19 0 195092
circuit_random_n_26_seed_117 1.89 0 118608 4.40 0 4753976 2.79 0 100888 0.25 0 224288
circuit_random_n_26_seed_119 43.06 0 192992 26.77 0 29591056 16.99 0 296844 1.10 0 1092140
circuit_random_n_27_seed_121 2.07 0 64864 2.04 0 2110496 1.86 0 62820 0.44 0 402444
circuit_random_n_27_seed_123 3.86 0 62600 4.97 0 5237820 5.36 0 88828 1.17 0 1167408
circuit_random_n_28_seed_125 299.26 0 1269788 107.86 0 33556996 163.89 0 2264748 27.15 0 32225332
circuit_random_n_28_seed_127 5.45 0 89672 6.70 0 7120928 3.91 0 89996 0.27 0 258080
circuit_random_n_28_seed_129 12.86 0 117384 11.85 0 12636680 10.06 0 146924 1.58 0 1566772
circuit_random_n_29_seed_131 12.34 0 146532 13.88 0 15174184 8.05 0 167076 1.16 0 1210376
circuit_random_n_29_seed_133 7.58 0 173964 14.02 0 15656484 8.08 0 132528 0.25 0 238104
circuit_random_n_30_seed_135 4.57 0 128736 4.29 0 4494388 2.60 0 99000 0.30 0 294936
circuit_random_n_30_seed_137 105.71 0 774596 66.87 0 33553924 177.08 0 1465788 42.43 0 33555496
circuit_random_n_30_seed_139 3.27 0 57740 3.42 0 3634220 2.32 0 63972 0.28 0 262664
circuit_random_n_31_seed_141 13.08 0 296144 24.30 0 26721820 14.09 0 221788 0.32 0 294928
circuit_random_n_31_seed_143 2.32 0 76132 2.24 0 2290216 1.36 0 76564 0.30 0 282680
circuit_random_n_32_seed_145 5.54 0 119004 6.83 0 7383604 4.22 0 108032 0.35 0 310312
circuit_random_n_32_seed_147 22.70 0 268412 33.73 0 33555484 23.21 0 280464 0.31 0 301080
circuit_random_n_32_seed_149 55.58 0 504768 53.57 0 33553964 79.39 0 910104 18.98 0 22476344
circuit_random_n_33_seed_151 20.02 0 238552 23.60 0 25993784 26.30 0 301780 5.70 0 6170148
circuit_random_n_34_seed_155 7.11 0 111456 5.34 0 5821448 2.75 0 106220 0.39 0 367140
circuit_random_n_34_seed_157 39.20 0 254288 33.76 0 33555496 42.37 0 398828 5.69 0 6127112
circuit_random_n_35_seed_161 6.18 0 87928 4.61 0 4744752 5.47 0 105364 0.94 0 900140
circuit_random_n_35_seed_163 14.11 0 184412 20.03 0 22110752 11.03 0 202748 1.88 0 2032160
circuit_random_n_36_seed_165 7.00 0 86652 5.38 0 5620268 3.23 0 88740 0.43 0 411688
circuit_random_n_36_seed_167 fail fail fail fail fail fail 1215.15 0 94147848 430.30 0 33557032
circuit_random_n_36_seed_169 1.56 0 37168 1.11 0 1021464 0.72 0 45048 0.39 0 387088
circuit_random_n_37_seed_171 37.90 0 188676 22.14 0 23625232 9.84 0 207620 0.50 0 474672
circuit_random_n_38_seed_177 6195.76 0 11022612 1013.62 0 33555496 445.50 0 15226552 20.02 0 25242664
circuit_random_n_39_seed_181 1774.01 0 9982428 904.48 0 33555472 1434.68 0 20298568 247.79 0 33555468
circuit_random_n_39_seed_183 2.40 0 56784 1.53 0 1473080 1.08 0 60820 0.48 0 450076
circuit_random_n_3_seed_0 0.00 0 7504 0.00 0 3092 0.13 0 9052 0.00 0 3124
circuit_random_n_3_seed_1 0.00 0 9028 0.00 0 3132 0.13 0 9028 0.00 0 3112
circuit_random_n_3_seed_2 0.00 0 7460 0.00 0 3124 0.13 0 9028 0.00 0 3120
circuit_random_n_3_seed_3 0.00 0 11092 0.00 0 9272 0.12 0 11136 0.00 0 3124
circuit_random_n_3_seed_4 0.00 0 11140 0.00 0 9228 0.12 0 11140 0.00 0 3100
circuit_random_n_40_seed_185 46.49 0 422584 47.63 0 33553948 33.58 0 447324 0.55 0 522244
circuit_random_n_40_seed_187 2056.95 0 5946864 530.77 0 33555512 251.21 0 8132864 11.41 0 14135840
circuit_random_n_41_seed_193 55.64 0 413812 32.23 0 33557044 18.08 0 371636 0.59 0 577588
circuit_random_n_42_seed_195 77.94 0 787860 72.39 0 33555484 59.26 0 1195240 11.79 0 15317048
circuit_random_n_42_seed_199 2.37 0 50280 1.63 0 1580556 1.12 0 58328 0.52 0 510008
circuit_random_n_43_seed_203 1566.35 0 9484188 925.46 0 33555504 346.48 0 10791820 12.49 0 15810052
circuit_random_n_44_seed_205 21.07 0 243708 13.94 0 14189584 6.27 0 224124 0.72 0 682000
circuit_random_n_44_seed_207 19.20 0 254252 21.40 0 23084600 22.25 0 301256 3.15 0 3365432
circuit_random_n_44_seed_209 4.58 0 110040 3.25 0 3325472 2.52 0 90448 0.65 0 620604
circuit_random_n_45_seed_211 21.52 0 222496 9.71 0 9114664 6.03 0 190596 0.69 0 646712
circuit_random_n_45_seed_213 118.56 0 2196792 191.21 0 33555460 107.72 0 2124132 3.33 0 3710984
circuit_random_n_46_seed_219 37.68 0 366356 25.30 0 27683332 12.05 0 280268 0.74 0 705032
circuit_random_n_48_seed_227 82.29 0 554408 58.83 0 33555512 28.10 0 523240 0.88 0 860196
circuit_random_n_49_seed_231 41.53 0 590748 39.97 0 33553952 23.09 0 463888 0.85 0 801844
circuit_random_n_49_seed_233 34.24 0 428012 33.26 0 33552436 15.93 0 336924 0.86 0 814120
circuit_random_n_4_seed_5 0.00 0 13172 0.01 0 13824 0.11 0 11132 0.00 0 4612
circuit_random_n_4_seed_6 0.00 0 11144 0.01 0 12292 0.11 0 13156 0.00 0 4624
circuit_random_n_4_seed_7 0.00 0 11120 0.01 0 10772 0.11 0 11144 0.00 0 6180
circuit_random_n_4_seed_8 0.00 0 7492 0.00 0 4636 0.11 0 9036 0.00 0 4664
circuit_random_n_4_seed_9 0.00 0 11140 0.00 0 4656 0.11 0 9088 0.00 0 4668
circuit_random_n_5_seed_10 0.00 0 13188 0.01 0 15392 0.14 0 12912 0.00 0 7724
circuit_random_n_5_seed_11 0.00 0 11164 0.01 0 9248 0.14 0 12860 0.00 0 6204
circuit_random_n_5_seed_12 0.00 0 11128 0.01 0 10784 0.14 0 12900 0.00 0 7708
circuit_random_n_5_seed_13 0.00 0 11108 0.00 0 10792 0.14 0 12872 0.00 0 7724
circuit_random_n_5_seed_14 0.00 0 11140 0.01 0 12304 0.14 0 10844 0.00 0 7724
circuit_random_n_6_seed_15 0.01 0 13180 0.02 0 23100 0.15 0 14492 0.00 0 10752
circuit_random_n_6_seed_16 0.00 0 13184 0.01 0 15416 0.14 0 12420 0.01 0 10808
circuit_random_n_6_seed_17 0.01 0 13124 0.02 0 27676 0.16 0 14584 0.01 0 18472
circuit_random_n_6_seed_18 0.00 0 11160 0.01 0 13840 0.15 0 12360 0.00 0 9244
circuit_random_n_6_seed_19 0.00 0 11156 0.01 0 13880 0.14 0 12408 0.00 0 9224
circuit_random_n_7_seed_20 0.01 0 13192 0.03 0 36920 0.18 0 14164 0.02 0 30728
circuit_random_n_7_seed_21 0.00 0 11100 0.01 0 16896 0.14 0 10772 0.01 0 12288
circuit_random_n_7_seed_22 0.00 0 11128 0.01 0 16952 0.14 0 10716 0.01 0 12348
circuit_random_n_7_seed_23 0.00 0 13192 0.02 0 23072 0.14 0 14024 0.01 0 16956
circuit_random_n_7_seed_24 0.00 0 13196 0.01 0 21508 0.14 0 14096 0.01 0 13832
circuit_random_n_8_seed_25 0.01 0 13164 0.02 0 29224 0.14 0 13700 0.01 0 16920
circuit_random_n_8_seed_26 0.01 0 13136 0.02 0 29192 0.15 0 13664 0.02 0 19972
circuit_random_n_8_seed_27 0.01 0 13216 0.03 0 29200 0.15 0 13656 0.01 0 16932
circuit_random_n_8_seed_28 0.03 0 15212 0.06 0 64516 0.19 0 16148 0.02 0 24600
circuit_random_n_8_seed_29 0.01 0 13112 0.02 0 26160 0.16 0 13712 0.01 0 16916
circuit_random_n_9_seed_30 0.01 0 15160 0.04 0 41492 0.18 0 15012 0.01 0 21564
circuit_random_n_9_seed_31 0.01 0 13192 0.03 0 33852 0.19 0 15012 0.02 0 24600
circuit_random_n_9_seed_32 0.02 0 15224 0.04 0 46112 0.17 0 15092 0.02 0 21516
circuit_random_n_9_seed_33 0.01 0 15216 0.03 0 35344 0.18 0 15076 0.01 0 20024
circuit_random_n_9_seed_34 0.03 0 15232 0.04 0 49208 0.21 0 17200 0.03 0 38420
smart_table_random_n_10_stats 0.00 0 13128 0.01 0 18492 0.00 0 11100 0.01 0 13828
smart_table_random_n_11_stats 0.00 0 11116 0.02 0 24628 0.01 0 9560 0.01 0 16940
smart_table_random_n_12_stats 0.00 0 13656 0.02 0 32296 0.01 0 13156 0.02 0 21540
smart_table_random_n_13_stats 0.00 0 13664 0.02 0 26128 0.01 0 17276 0.02 0 23056
smart_table_random_n_14_stats 0.00 0 17236 0.04 0 43020 0.01 0 13188 0.03 0 32312
smart_table_random_n_15_stats 0.00 0 15188 0.03 0 32300 0.01 0 15224 0.02 0 29200
smart_table_random_n_16_stats 0.00 0 17252 0.04 0 46136 0.01 0 11104 0.03 0 35384
smart_table_random_n_17_stats 0.01 0 17264 0.05 0 53812 0.01 0 17292 0.04 0 47628
smart_table_random_n_18_stats 0.01 0 17296 0.05 0 56884 0.01 0 17288 0.04 0 50748
smart_table_random_n_19_stats 0.01 0 17244 0.07 0 72228 0.02 0 15704 0.06 0 63032
smart_table_random_n_20_stats 0.01 0 19308 0.08 0 81436 0.02 0 19348 0.07 0 72240
smart_table_random_n_21_stats 0.02 0 19328 0.09 0 99872 0.02 0 19276 0.09 0 89116
smart_table_random_n_22_stats 0.02 0 21340 0.10 0 104472 0.02 0 21352 0.09 0 93748
smart_table_random_n_23_stats 0.02 0 19252 0.08 0 90660 0.02 0 17768 0.07 0 79928
smart_table_random_n_24_stats 0.02 0 21356 0.11 0 121392 0.03 0 19756 0.10 0 107540
smart_table_random_n_25_stats 0.03 0 21352 0.10 0 112140 0.03 0 21372 0.10 0 99888
smart_table_random_n_26_stats 0.03 0 23416 0.15 0 155168 0.04 0 25476 0.14 0 139800
smart_table_random_n_27_stats 0.03 0 23348 0.15 0 152088 0.05 0 25384 0.13 0 135196
smart_table_random_n_28_stats 0.02 0 25400 0.27 0 275004 0.04 0 21840 0.15 0 155156
smart_table_random_n_29_stats 0.02 0 27448 0.26 0 279560 0.04 0 23444 0.16 0 162848
smart_table_random_n_30_stats 0.02 0 25424 0.32 0 337956 0.06 0 21408 0.18 0 188984
smart_table_random_n_31_stats 0.04 0 24476 0.17 0 178196 0.06 0 23880 0.16 0 159796
smart_table_random_n_32_stats 0.03 0 29580 0.40 0 416288 0.07 0 23404 0.23 0 224312
smart_table_random_n_33_stats 0.02 0 25448 0.30 0 322616 0.07 0 19812 0.17 0 178236
smart_table_random_n_34_stats 0.08 0 29548 0.29 0 304172 0.11 0 27504 0.27 0 271904
smart_table_random_n_35_stats 0.12 0 31592 0.31 0 325668 0.12 0 30044 0.29 0 293388
smart_table_random_n_36_stats 0.06 0 31596 0.30 0 311824 0.13 0 31628 0.29 0 279604
smart_table_random_n_37_stats 0.03 0 31600 0.43 0 457780 0.10 0 25512 0.25 0 247316
smart_table_random_n_38_stats 0.04 0 33624 0.54 0 568332 0.11 0 27504 0.30 0 294944
smart_table_random_n_39_stats 0.10 0 33628 0.31 0 331796 0.13 0 33632 0.30 0 296488
smart_table_random_n_3_stats 0.00 0 9004 0.00 0 3088 0.03 0 9052 0.00 0 3112
smart_table_random_n_40_stats 0.05 0 47996 0.83 0 850996 0.13 0 33620 0.40 0 397856
smart_table_random_n_41_stats 0.11 0 37708 0.38 0 390200 0.16 0 36176 0.37 0 351784
smart_table_random_n_42_stats 0.13 0 47980 0.44 0 466956 0.19 0 39748 0.43 0 422460
smart_table_random_n_43_stats 0.14 0 47932 0.48 0 508432 0.19 0 39756 0.48 0 460808
smart_table_random_n_44_stats 0.10 0 48036 0.41 0 419348 0.19 0 36200 0.39 0 380972
smart_table_random_n_45_stats 0.20 0 50032 0.52 0 528436 0.23 0 39504 0.49 0 477700
smart_table_random_n_46_stats 0.15 0 52016 0.53 0 559148 0.24 0 39768 0.50 0 505404
smart_table_random_n_4_stats 0.00 0 9048 0.00 0 4652 0.04 0 9036 0.00 0 3120
smart_table_random_n_50_stats 0.19 0 54148 0.64 0 640520 0.26 0 43872 0.58 0 579092
smart_table_random_n_51_stats 0.25 0 58204 0.72 0 729644 0.28 0 49980 0.66 0 674308
smart_table_random_n_53_stats 0.24 0 58180 0.75 0 783412 0.28 0 50512 0.71 0 709664
smart_table_random_n_5_stats 0.00 0 11144 0.00 0 6156 0.04 0 11156 0.00 0 4652
smart_table_random_n_61_stats 0.40 0 74076 0.85 0 894000 0.26 0 66564 0.79 0 811048
smart_table_random_n_6_stats 0.00 0 11080 0.00 0 6172 0.04 0 11124 0.00 0 4664
smart_table_random_n_7_stats 0.00 0 11056 0.00 0 7708 0.05 0 10732 0.00 0 6200
smart_table_random_n_8_stats 0.00 0 13196 0.01 0 12300 0.05 0 10688 0.01 0 9260
smart_table_random_n_9_stats 0.00 0 13688 0.01 0 13852 0.05 0 12708 0.01 0 12320
smart_table_random_shortreasons_n_10_stats 0.00 0 13168 0.02 0 23096 0.04 0 9528 0.02 0 15368
smart_table_random_shortreasons_n_11_stats 0.00 0 13148 0.02 0 27708 0.04 0 13176 0.02 0 18492
smart_table_random_shortreasons_n_12_stats 0.00 0 13148 0.02 0 29200 0.03 0 13180 0.02 0 19984
smart_table_random_shortreasons_n_13_stats 0.00 0 15228 0.02 0 27660 0.03 0 15220 0.02 0 23044
smart_table_random_shortreasons_n_14_stats 0.00 0 17284 0.04 0 46120 0.02 0 11608 0.03 0 30740
smart_table_random_shortreasons_n_15_stats 0.00 0 17212 0.04 0 44576 0.02 0 11604 0.03 0 30768
smart_table_random_shortreasons_n_16_stats 0.00 0 15700 0.07 0 75296 0.02 0 15236 0.04 0 49164
smart_table_random_shortreasons_n_17_stats 0.00 0 17236 0.04 0 46092 0.02 0 11560 0.03 0 35352
smart_table_random_shortreasons_n_18_stats 0.01 0 17240 0.05 0 58388 0.02 0 17292 0.05 0 53800
smart_table_random_shortreasons_n_19_stats 0.01 0 17320 0.05 0 59932 0.02 0 17312 0.05 0 53808
smart_table_random_shortreasons_n_20_stats 0.02 0 19300 0.07 0 79916 0.02 0 19284 0.07 0 73732
smart_table_random_shortreasons_n_21_stats 0.01 0 19276 0.10 0 112156 0.02 0 15716 0.07 0 72196
smart_table_random_shortreasons_n_22_stats 0.02 0 21328 0.09 0 102960 0.03 0 19292 0.09 0 92216
smart_table_random_shortreasons_n_23_stats 0.02 0 21400 0.10 0 109112 0.03 0 19780 0.09 0 99896
smart_table_random_shortreasons_n_24_stats 0.02 0 21316 0.09 0 101424 0.03 0 21380 0.09 0 92204
smart_table_random_shortreasons_n_25_stats 0.01 0 21856 0.18 0 195080 0.03 0 17760 0.11 0 121400
smart_table_random_shortreasons_n_26_stats 0.02 0 19312 0.10 0 106028 0.04 0 21392 0.09 0 95244
smart_table_random_shortreasons_n_27_stats 0.04 0 23408 0.15 0 149044 0.05 0 23852 0.13 0 135224
smart_table_random_shortreasons_n_28_stats 0.03 0 25444 0.14 0 130564 0.05 0 25448 0.11 0 118276
smart_table_random_shortreasons_n_29_stats 0.03 0 25484 0.17 0 165912 0.05 0 25436 0.14 0 149044
smart_table_random_shortreasons_n_30_stats 0.05 0 22792 0.17 0 162832 0.05 0 23408 0.14 0 145924
smart_table_random_shortreasons_n_31_stats 0.05 0 27528 0.22 0 219684 0.07 0 25440 0.20 0 201248
smart_table_random_shortreasons_n_32_stats 0.04 0 25952 0.23 0 225820 0.08 0 23856 0.20 0 205840
smart_table_random_shortreasons_n_33_stats 0.03 0 29548 0.41 0 416296 0.07 0 21844 0.24 0 233528
smart_table_random_shortreasons_n_34_stats 0.06 0 31104 0.32 0 310276 0.10 0 28000 0.27 0 282656
smart_table_random_shortreasons_n_35_stats 0.04 0 31596 0.53 0 548364 0.09 0 25452 0.27 0 279596
smart_table_random_shortreasons_n_36_stats 0.08 0 33620 0.38 0 325680 0.11 0 32100 0.29 0 299560
smart_table_random_shortreasons_n_37_stats 0.07 0 33624 0.31 0 319512 0.12 0 30036 0.29 0 293432
smart_table_random_shortreasons_n_38_stats 0.08 0 33592 0.32 0 316456 0.12 0 30044 0.29 0 287284
smart_table_random_shortreasons_n_39_stats 0.07 0 33648 0.32 0 333368 0.13 0 31600 0.30 0 305720
smart_table_random_shortreasons_n_3_stats 0.00 0 7484 0.00 0 3124 0.03 0 9028 0.00 0 3084
smart_table_random_shortreasons_n_40_stats 0.09 0 37744 0.42 0 408632 0.20 0 33664 0.38 0 377916
smart_table_random_shortreasons_n_41_stats 0.06 0 47956 0.99 0 904712 0.16 0 33672 0.40 0 414768
smart_table_random_shortreasons_n_44_stats 0.13 0 47964 0.46 0 436260 0.18 0 37780 0.39 0 400936
smart_table_random_shortreasons_n_46_stats 0.20 0 48012 0.44 0 417832 0.18 0 34736 0.37 0 377896
smart_table_random_shortreasons_n_47_stats 0.08 0 51960 1.23 0 1227280 0.20 0 35704 0.52 0 529956
smart_table_random_shortreasons_n_4_stats 0.00 0 11072 0.00 0 4648 0.03 0 9060 0.00 0 3128
smart_table_random_shortreasons_n_50_stats 0.17 0 53732 0.73 0 632844 0.25 0 43884 0.60 0 591392
smart_table_random_shortreasons_n_56_stats 0.21 0 58124 0.74 0 700468 0.25 0 48344 0.63 0 646704
smart_table_random_shortreasons_n_57_stats 0.33 0 64132 0.97 0 940072 0.32 0 58160 0.84 0 864784
smart_table_random_shortreasons_n_5_stats 0.00 0 7512 0.00 0 4652 0.04 0 9048 0.00 0 4640
smart_table_random_shortreasons_n_65_stats 0.20 0 82784 3.09 0 2964540 0.24 0 68496 1.07 0 1112076
smart_table_random_shortreasons_n_6_stats 0.00 0 11068 0.00 0 9224 0.05 0 11160 0.00 0 6176
smart_table_random_shortreasons_n_7_stats 0.00 0 13180 0.01 0 9252 0.05 0 12352 0.00 0 9244
smart_table_random_shortreasons_n_8_stats 0.00 0 11088 0.01 0 13864 0.05 0 10736 0.01 0 10760
smart_table_random_shortreasons_n_9_stats 0.00 0 11616 0.01 0 13840 0.00 0 13116 0.01 0 10812
