elaboratetime elaborateresult elaboratememory cakeelaboratetime cakeelaborateresult cakeelaboratememory trimtime trimresult trimmemory caketrimtime caketrimresult caketrimmemory
0.48 0 53060 2.30 0 2611236 0.29 0 85320 0.16 0 164392
0.73 0 64748 3.85 0 4194824 0.41 0 105768 0.21 0 225836
0.01 0 21324 0.15 0 153648 0.01 0 23400 0.14 0 152092
0.01 0 21356 0.14 0 149040 0.01 0 23400 0.15 0 147500
0.01 0 21360 0.15 0 165936 0.01 0 23440 0.15 0 162844
3.80 0 93896 5.86 0 4194828 2.59 0 191460 0.88 0 992272
1.61 0 102180 5.38 0 4196392 0.77 0 193540 0.40 0 450072
0.01 0 23420 0.18 0 185872 0.01 0 25428 0.18 0 175152
0.01 0 27548 0.20 0 199716 0.01 0 27540 0.19 0 182804
2.61 0 147960 7.68 0 4194876 1.28 0 286084 0.68 0 829460
5815.04 0 861548 421.23 0 33555460 4831.36 0 7530384 181.78 0 4196376
1.52 0 98160 7.87 0 9529372 0.72 0 181784 0.34 0 370216
3.43 0 176544 16.63 0 19269144 1.43 0 351952 0.93 0 1130512
12.58 0 174972 19.16 0 21800452 16.91 0 331588 2.53 0 2555940
0.01 0 25468 0.27 0 287256 0.01 0 27516 0.26 0 287280
0.01 0 21348 0.20 0 211972 0.01 0 23400 0.20 0 210464
0.01 0 21376 0.19 0 199696 0.01 0 23428 0.18 0 196624
0.01 0 23368 0.22 0 235056 0.01 0 23400 0.22 0 233484
6.77 0 220400 29.07 0 33555488 2.43 0 605600 1.41 0 1740288
5.80 0 201596 25.50 0 30411276 1.98 0 566572 0.70 0 811044
17.95 0 439096 48.41 0 33555500 6.16 0 1288652 4.21 0 4196364
0.01 0 27444 0.23 0 244280 0.02 0 27468 0.21 0 233496
12.09 0 318280 39.35 0 33555512 3.95 0 981888 3.69 0 4194824
fail fail fail fail fail fail fail fail fail fail fail fail
0.02 0 29544 0.25 0 258108 0.02 0 31596 0.23 0 241192
1969.60 0 1086616 363.26 0 33555484 1899.11 0 3587352 95.66 0 4196352
1703.42 0 1064184 292.12 0 33555460 1870.25 0 3440292 88.13 0 4196364
13815.04 0 3080516 1453.16 0 33553968 9913.23 0 13348056 460.82 0 33555504
10.93 0 312176 37.99 0 33555472 3.33 0 759716 3.30 0 4196392
41.67 0 811904 98.31 0 33557048 12.62 0 2356132 6.56 0 4196364
0.03 0 31628 0.43 0 443952 0.02 0 33676 0.40 0 422440
13.37 0 368076 44.12 0 33557052 4.03 0 972908 4.21 0 4196380
13.49 0 391028 43.27 0 33555504 4.67 0 824604 2.36 0 2916900
13016.95 0 2913612 1227.89 0 33552416 9803.91 0 12910900 439.81 0 33555492
12193.47 0 2900340 1227.51 0 33557048 9473.60 0 12583388 410.17 0 33553976
162.93 0 1572692 214.68 0 33557048 71.28 0 4653336 35.57 0 4194856
161.18 0 1571168 212.43 0 33555512 74.74 0 4648124 28.64 0 4194860
228.23 0 1545548 213.55 0 33555468 166.31 0 4516936 35.58 0 4194860
50.18 0 241588 32.37 0 33555500 36.11 0 448248 6.55 0 4196400
0.04 0 39796 0.68 0 728080 0.03 0 41868 0.65 0 728104
0.04 0 41860 0.66 0 692788 0.03 0 41868 0.65 0 691220
104.14 0 1919976 225.45 0 33557004 30.66 0 5909636 3.08 0 3895316
164.98 0 2321316 291.90 0 33557024 88.39 0 5896636 16.29 0 4196384
167.76 0 2341232 304.78 0 33555496 82.51 0 5978888 21.31 0 4196376
380.74 0 2044936 240.87 0 33555484 337.66 0 5031368 14.30 0 4194856
0.04 0 43812 0.68 0 726580 0.04 0 45888 0.66 0 712752
81.00 0 1031164 104.54 0 33557020 86.37 0 2179832 5.89 0 4197916
307.86 0 3145500 482.44 0 33557020 159.66 0 10515236 33.42 0 4197928
281.20 0 3149068 473.65 0 33557052 148.75 0 10326220 26.28 0 4197912
322.98 0 4434308 752.99 0 33557012 76.33 0 15211316 55.24 0 4197904
322.00 0 4419864 745.06 0 33557036 79.51 0 15134116 61.46 0 4197924
314.84 0 4400292 743.90 0 33557008 76.53 0 15159700 72.09 0 4197904
223.41 0 264820 44.96 0 33555472 125.03 0 652712 11.33 0 4196400
26.96 0 654708 68.36 0 33555492 8.92 0 2090308 0.78 0 930860
0.01 0 23900 0.25 0 259588 0.01 0 25468 0.24 0 256552
18.88 0 499516 54.29 0 33555472 6.08 0 1355964 0.80 0 960040
1182.15 0 1245264 178.30 0 33555468 179.88 0 4017388 15.68 0 4196380
66.99 0 1381480 153.31 0 33555504 23.75 0 3164888 5.78 0 4196376
67.89 0 1390452 155.66 0 33555508 25.21 0 3206220 5.67 0 4196380
68.57 0 1280112 132.29 0 33555468 35.66 0 2631908 6.16 0 4196364
6.53 0 249816 30.39 0 33557008 2.31 0 484576 0.56 0 651296
122.21 0 1903284 247.53 0 33557016 53.27 0 5102384 8.00 0 4196376
121.03 0 1902544 254.69 0 33556996 52.03 0 5102452 8.02 0 4196392
160.95 0 2537372 380.50 0 33555492 41.25 0 8104640 4.84 0 4196384
161.43 0 2533904 384.47 0 33557020 41.47 0 8102532 13.38 0 4196392
157.32 0 2514816 365.50 0 33557016 40.44 0 7829136 7.73 0 4194864
150.87 0 908632 101.93 0 33557032 74.33 0 1821664 5.64 0 4196364
0.01 0 25484 0.22 0 219664 0.01 0 23424 0.20 0 215080
484.55 0 304808 97.05 0 33555480 331.16 0 1217488 50.92 0 4196376
17.38 0 452924 51.41 0 33553944 6.14 0 1272520 2.62 0 3185676
0.01 0 23392 0.22 0 236552 0.01 0 25472 0.21 0 233488
12.63 0 350504 40.88 0 33555500 4.14 0 980872 1.49 0 1738796
48.91 0 997704 115.46 0 33555464 21.86 0 2271376 6.07 0 4196392
51.92 0 1003924 115.07 0 33555516 19.89 0 2297216 5.74 0 4196372
49.59 0 908136 95.99 0 33555504 29.14 0 1795248 5.76 0 4196400
4.50 0 177708 23.88 0 30107152 1.57 0 370596 0.54 0 635952
84.44 0 1316028 171.78 0 33557012 32.78 0 3343040 7.68 0 4196392
81.69 0 1312644 175.11 0 33555496 31.82 0 3346720 9.21 0 4194832
108.09 0 1803176 260.43 0 33555464 27.79 0 5033652 13.05 0 4196400
107.00 0 1799956 260.49 0 33557008 28.57 0 5029740 17.58 0 4196392
102.28 0 1810792 259.89 0 33557000 28.65 0 4875828 7.84 0 4196364
15.74 0 288440 30.04 0 33555496 12.44 0 413644 1.97 0 2204208
0.03 0 31556 0.52 0 551484 0.02 0 33656 0.53 0 549936
0.01 0 23904 0.27 0 293416 0.01 0 27516 0.26 0 290320
0.03 0 33632 0.48 0 502276 0.02 0 33656 0.45 0 497712
96.24 0 1564536 172.29 0 33555500 35.98 0 4673028 3.39 0 3992104
88.46 0 1832820 205.31 0 33557012 29.55 0 4377900 7.62 0 4196352
85.05 0 1845048 207.67 0 33557048 28.82 0 4431064 7.95 0 4196396
84.36 0 1620812 178.03 0 33555488 39.13 0 3394132 6.19 0 4196392
8.22 0 301160 35.73 0 33555476 3.03 0 645452 0.62 0 711208
151.33 0 2455496 337.70 0 33555504 47.73 0 6608316 15.06 0 4193292
147.42 0 2454180 341.85 0 33557044 47.24 0 6619576 8.84 0 4196392
214.43 0 3329324 527.67 0 33555512 52.21 0 11508328 3.68 0 4196392
217.42 0 3321636 522.30 0 33555484 52.77 0 11007664 3.56 0 4196380
205.42 0 3311432 511.12 0 33557004 51.77 0 11176360 7.17 0 4196360
56.90 0 1149780 119.65 0 33555476 25.61 0 2477908 3.16 0 3009056
0.03 0 34164 0.55 0 533020 0.03 0 33664 0.51 0 522288
0.04 0 39760 0.65 0 671240 0.03 0 41840 0.63 0 666656
0.03 0 29596 0.38 0 384040 0.02 0 31580 0.35 0 371724
0.04 0 41884 0.63 0 645144 0.04 0 43856 0.64 0 642088
50696.36 0 5249876 3219.39 0 33557020 fail fail fail fail fail fail
0.02 0 39828 0.39 0 384024 0.02 0 41828 0.39 0 379400
84.47 0 1697628 186.80 0 33557028 32.73 0 3676024 6.30 0 4196384
80.08 0 1707464 182.65 0 33557048 32.37 0 3722268 6.10 0 4196364
99.39 0 1574004 156.05 0 33555492 95.43 0 3101084 8.88 0 4196384
0.04 0 44380 0.74 0 737328 0.04 0 48012 0.71 0 721952
0.05 0 41856 0.65 0 688136 0.04 0 45952 0.63 0 671280
177.64 0 2274920 298.78 0 33557048 139.52 0 5889208 13.78 0 4196392
133.64 0 2268808 292.87 0 33557012 59.92 0 5860632 8.50 0 4196400
176.42 0 3040152 440.07 0 33555464 49.58 0 9943712 10.02 0 4196352
187.34 0 3032960 440.84 0 33557012 47.33 0 10087280 12.76 0 4196400
171.23 0 3019728 486.76 0 33557036 51.04 0 9819604 11.26 0 4196388
fail fail fail fail fail fail fail fail fail fail fail fail
2.15 0 105516 8.81 0 10272804 1.61 0 203220 0.73 0 849456
2.03 0 108408 9.28 0 10948668 0.90 0 221100 0.45 0 486960
0.02 0 31592 0.42 0 431664 0.02 0 35688 0.39 0 425520
0.02 0 27540 0.21 0 218148 0.01 0 33636 0.20 0 204336
0.02 0 27500 0.26 0 261156 0.01 0 31612 0.23 0 250408
0.03 0 33640 0.41 0 423992 0.02 0 35720 0.42 0 422436
0.02 0 33640 0.30 0 282664 0.02 0 33636 0.27 0 265756
18.36 0 164236 24.69 0 29036560 18.24 0 378820 2.28 0 2359332
2.88 0 153952 12.98 0 15653420 1.15 0 333140 0.65 0 686632
8.93 0 175976 18.45 0 21841976 4.08 0 367628 1.83 0 2128908
6.53 0 223564 29.82 0 33557012 2.59 0 571792 2.94 0 3480624
0.03 0 37688 0.45 0 473128 0.03 0 37720 0.43 0 453164
30.09 0 206048 30.58 0 33557004 40.29 0 437656 2.85 0 2933800
5509.45 0 795772 414.59 0 33555480 5150.43 0 6034812 126.55 0 4196400
0.02 0 29520 0.33 0 337980 0.02 0 31580 0.35 0 337928
0.02 0 31604 0.38 0 393240 0.02 0 35760 0.38 0 393228
0.03 0 33688 0.47 0 486948 0.02 0 35708 0.45 0 480800
0.02 0 29604 0.23 0 238088 0.01 0 33608 0.22 0 224296
0.02 0 27524 0.27 0 287280 0.01 0 33644 0.25 0 276500
0.03 0 35744 0.46 0 477756 0.03 0 35684 0.45 0 474664
12.79 0 399508 44.13 0 33555512 5.33 0 1068896 3.55 0 4196372
0.02 0 33652 0.31 0 310284 0.02 0 35692 0.29 0 291880
27.94 0 206588 28.42 0 32593972 22.30 0 440408 3.46 0 3519024
3.77 0 192508 17.71 0 20550172 1.54 0 385996 0.72 0 752688
11.43 0 226324 24.65 0 28535860 8.03 0 454440 2.42 0 2823216
8.48 0 283472 33.60 0 33557008 4.21 0 720744 9.36 0 4196400
30936.49 0 5538768 3942.88 0 33555488 fail fail fail fail fail fail
0.04 0 39772 0.50 0 522276 0.03 0 41840 0.48 0 502312
26.06 0 222864 32.22 0 33557012 20.33 0 429980 2.19 0 1920048
48.17 0 264364 33.13 0 33557036 36.21 0 566916 4.20 0 4022832
2252.99 0 353124 162.68 0 33555488 1877.63 0 2302828 56.08 0 4196376
6.31 0 268688 28.14 0 31919672 2.74 0 641416 0.88 0 986160
0.03 0 35688 0.57 0 603700 0.03 0 39800 0.57 0 597524
0.02 0 29556 0.34 0 356384 0.02 0 35724 0.33 0 344112
0.04 0 39800 0.56 0 596024 0.03 0 39820 0.56 0 594476
0.03 0 41872 0.37 0 376376 0.02 0 41840 0.36 0 359444
0.06 0 48000 0.73 0 764984 0.04 0 50008 0.70 0 721928
0.05 0 52068 0.76 0 749592 0.04 0 52092 0.75 0 746504
54.84 0 884856 86.31 0 33557028 32.10 0 2333256 12.03 0 4196360
0.04 0 41828 0.62 0 643612 0.04 0 45904 0.59 0 620560
0.07 0 54112 0.97 0 966200 0.05 0 56136 0.89 0 898608
10.82 0 491020 39.58 0 33557016 4.96 0 910900 3.70 0 4085800
7759.49 0 2289544 1072.25 0 33555492 3910.01 0 10277896 265.54 0 4196392
7109.62 0 2279352 1065.61 0 33555472 3821.52 0 10168192 226.25 0 4196396
27021.45 0 4517928 3126.23 0 33555480 fail fail fail fail fail fail
fail fail fail fail fail fail fail fail fail fail fail fail
0.17 0 15248 0.27 0 310292 0.15 0 19336 0.12 0 129048
0.01 0 11104 0.03 0 38452 0.01 0 15244 0.01 0 16924
0.12 0 102920 2.21 0 2313236 0.15 0 95432 2.28 0 2365440
0.12 0 105024 2.09 0 2187268 0.14 0 104776 2.28 0 2222616
0.17 0 118912 3.09 0 3248664 0.15 0 115512 3.29 0 3374640
0.26 0 151900 5.99 0 6517284 0.30 0 150204 6.01 0 4200980
0.25 0 151932 6.05 0 6471216 0.29 0 150200 9.65 0 4199452
0.37 0 155516 7.21 0 8024080 0.25 0 156368 6.69 0 4200992
0.14 0 106240 2.21 0 2273332 0.12 0 104764 2.21 0 2316336
0.41 0 180736 6.51 0 6925844 0.31 0 168748 6.27 0 4202540
0.42 0 180720 7.11 0 7709216 0.30 0 160600 10.45 0 4200976
0.40 0 180176 6.98 0 7491084 0.30 0 158092 6.22 0 4200980
0.29 0 172544 7.01 0 7349776 0.37 0 162596 6.44 0 4200988
0.42 0 277280 7.57 0 7938064 0.54 0 264952 11.18 0 4205600
78.12 0 3484748 319.16 0 33572356 36.85 0 4314240 61.03 0 33572372
2.90 0 580408 54.33 0 33573900 1.76 0 559776 53.49 0 33572404
0.05 0 45924 0.78 0 812564 0.04 0 47992 0.75 0 806420
0.03 0 35676 0.45 0 460844 0.02 0 39784 0.45 0 448552
0.05 0 47956 0.77 0 768008 0.04 0 50012 0.80 0 764952
76.30 0 1522576 175.54 0 33557016 22.71 0 4393964 5.15 0 4194864
0.03 0 45888 0.46 0 460816 0.02 0 45892 0.46 0 456232
101.00 0 1869700 219.08 0 33557012 31.29 0 4423764 13.09 0 4196372
98.11 0 1849120 260.47 0 33557040 30.12 0 4475580 8.04 0 4196400
85.99 0 1671560 185.76 0 33557004 29.04 0 3451928 6.11 0 4196372
0.06 0 54148 0.87 0 881700 0.04 0 54092 0.87 0 872452
0.05 0 48024 0.77 0 820252 0.04 0 50056 0.76 0 803348
162.73 0 2446724 359.95 0 33556996 49.72 0 6390860 12.34 0 4196396
159.81 0 2444300 345.15 0 33557048 47.95 0 6408672 11.74 0 4197932
231.19 0 3353888 540.87 0 33556996 53.98 0 11225976 68.67 0 4197924
229.90 0 3345804 578.22 0 33557048 57.16 0 11032940 71.83 0 4197936
225.25 0 3338688 545.71 0 33555460 55.18 0 10891424 39.14 0 4197936
166.24 0 3409316 421.37 0 33557028 52.18 0 10856192 8.97 0 4196396
0.01 0 25480 0.18 0 195120 0.01 0 27544 0.16 0 184352
0.01 0 29516 0.20 0 219696 0.01 0 29560 0.20 0 199728
3.40 0 108844 16.18 0 20734476 0.90 0 242144 0.73 0 872456
4.54 0 127468 22.74 0 28919840 1.12 0 300944 0.85 0 1033752
4.27 0 128912 20.94 0 25748024 1.12 0 306752 0.73 0 866344
1.79 0 81196 9.43 0 12527628 0.50 0 136400 0.45 0 525340
1.73 0 94056 8.32 0 10091576 0.57 0 178088 0.53 0 605232
4.12 0 128244 20.95 0 27056672 1.05 0 296396 0.91 0 1107480
32.45 0 492404 79.09 0 33555516 8.26 0 1286548 6.48 0 4194864
32.39 0 489068 92.97 0 33555496 8.99 0 1287924 6.78 0 4194856
47.94 0 668988 137.46 0 33555504 9.09 0 1988612 7.59 0 4196372
47.42 0 667488 120.54 0 33555512 8.63 0 1982460 6.99 0 4196384
47.11 0 665960 116.49 0 33555500 8.50 0 1950080 7.96 0 4196364
2561.50 0 1091688 205.67 0 33555488 1325.81 0 4699952 58.55 0 4196376
64.49 0 1153696 152.28 0 33553976 16.69 0 2826300 6.78 0 4196400
64.79 0 1162608 177.43 0 33555512 17.37 0 2860636 6.61 0 4194828
68.98 0 1044368 127.90 0 33555468 29.50 0 2327064 6.85 0 4196380
0.04 0 37780 0.48 0 516152 0.03 0 39784 0.48 0 499248
113.72 0 1558676 284.31 0 33555460 36.10 0 4461780 13.71 0 4196400
126.67 0 1565988 249.02 0 33555460 51.99 0 4455116 11.37 0 4196392
155.62 0 2194304 419.98 0 33555476 32.86 0 6328744 28.62 0 4196392
154.90 0 2191268 375.32 0 33557048 31.47 0 6303880 21.57 0 4196364
153.57 0 2176336 406.80 0 33555492 32.64 0 6118196 8.54 0 4196400
124.81 0 2525012 284.46 0 33557024 37.54 0 7163412 4.11 0 4196356
0.03 0 39752 0.48 0 486968 0.02 0 39836 0.46 0 473132
0.03 0 50000 0.45 0 468532 0.02 0 50064 0.41 0 434704
0.40 0 185660 8.11 0 8741412 0.29 0 176964 9.00 0 4200960
0.61 0 244028 9.50 0 9864232 0.41 0 235680 8.08 0 4204072
0.59 0 241564 9.71 0 9815096 0.40 0 237820 7.97 0 4204060
917.60 0 19882092 6999.56 0 33564704 256.03 0 32498332 129.49 0 4204064
0.07 0 15252 0.21 0 250380 0.05 0 19264 0.04 0 39944
0.06 0 15240 0.22 0 259628 0.03 0 20828 0.02 0 30736
0.09 0 18800 0.37 0 451640 0.04 0 20872 0.03 0 39976
0.05 0 18780 0.23 0 262712 0.04 0 24904 0.10 0 110600
0.09 0 18820 0.28 0 310316 0.04 0 22964 0.03 0 38416
0.12 0 18796 0.44 0 511512 0.06 0 24928 0.04 0 44584
0.03 0 15172 0.14 0 159800 0.02 0 19268 0.03 0 35364
0.07 0 20848 0.33 0 380932 0.04 0 26996 0.04 0 44576
3.51 0 29152 2.65 0 3056672 2.43 0 55164 0.57 0 569876
0.24 0 24456 0.64 0 652832 0.10 0 36376 0.08 0 79920
1.76 0 29108 1.76 0 1896988 1.02 0 43528 0.31 0 296488
0.13 0 22340 0.63 0 712720 0.07 0 28536 0.05 0 63016
2.69 0 27524 2.11 0 2469904 1.63 0 51256 0.50 0 496144
4.91 0 31220 3.37 0 4002824 3.32 0 58712 0.71 0 706608
0.01 0 11116 0.04 0 58420 0.01 0 15164 0.00 0 7728
0.02 0 11100 0.08 0 96788 0.01 0 15200 0.01 0 13856
0.02 0 11072 0.10 0 121392 0.01 0 15252 0.01 0 19984
0.08 0 13204 0.20 0 230404 0.06 0 17204 0.03 0 38436
0.03 0 15232 0.15 0 169016 0.02 0 17280 0.02 0 23088
fail fail fail fail fail fail fail fail fail fail fail fail
179.81 0 5868484 629.70 0 33561652 59.25 0 7223008 35.56 0 33561620
167.32 0 7213432 644.15 0 33563176 76.99 0 9185140 28.84 0 30842888
0.59 0 241404 9.16 0 9835012 0.41 0 231640 12.82 0 4200960
0.61 0 235012 9.13 0 9782792 0.40 0 223116 7.81 0 4204060
831.40 0 19620572 5661.68 0 33564684 235.08 0 32169240 26.43 0 28154936
fail fail fail fail fail fail 307.85 0 36702956 150.43 0 4205596
75.80 0 1705724 171.71 0 33558580 21.84 0 4572332 2.80 0 2669584
0.07 0 72556 1.06 0 1101320 0.06 0 72568 1.09 0 1086000
26.79 0 1080268 91.66 0 33558568 11.00 0 1814168 4.37 0 4197928
18797.61 0 4477892 1854.03 0 33557024 13618.62 0 15861812 383.27 0 33558532
15718.48 0 4185152 1623.80 0 33557048 11052.07 0 14531652 329.37 0 33556996
148.57 0 3078640 333.08 0 33558544 54.82 0 8457608 7.32 0 4197908
146.56 0 3074812 339.97 0 33558584 52.61 0 8453308 6.97 0 4197936
145.17 0 3051588 318.94 0 33557016 59.02 0 7236960 7.84 0 4197924
0.08 0 80756 1.18 0 1190436 0.06 0 82804 1.21 0 1190448
14.82 0 489156 45.63 0 33557008 6.13 0 1159512 12.56 0 4196372
0.07 0 68456 0.92 0 952348 0.05 0 72592 0.89 0 933936
0.07 0 80792 1.15 0 1181228 0.06 0 84888 1.33 0 1179656
66.23 0 463104 44.01 0 33557036 78.09 0 876064 4.02 0 3823152
2746.06 0 527172 191.62 0 33557000 2164.86 0 2530200 57.44 0 4197908
0.11 0 86920 2.20 0 2294804 0.09 0 86920 2.25 0 2340900
0.12 0 86884 2.37 0 2465336 0.10 0 86928 2.56 0 2519056
0.12 0 86916 2.32 0 2448440 0.10 0 86892 2.40 0 2502176
0.09 0 74084 1.15 0 1184300 0.07 0 82808 1.11 0 1161236
31.03 0 870228 90.27 0 33558564 9.31 0 1974740 2.28 0 2391596
29.16 0 898372 101.21 0 33558576 8.65 0 1757812 2.76 0 2790960
29.36 0 1011648 84.21 0 33558560 9.56 0 1755688 3.68 0 3781668
0.15 0 103040 3.02 0 3159612 0.13 0 107212 3.28 0 3270192
0.16 0 102784 3.02 0 3138080 0.12 0 107252 3.25 0 3245616
192.49 0 3309236 526.99 0 33558580 50.12 0 10257488 10.26 0 4196360
196.59 0 3305200 482.44 0 33558544 48.83 0 10245736 11.02 0 4197892
186.75 0 3289656 461.13 0 33558548 48.27 0 9160144 8.58 0 4197936
0.08 0 76612 1.20 0 1198112 0.07 0 80736 1.17 0 1176604
17.08 0 782432 53.05 0 33558544 7.18 0 1406880 2.65 0 2893868
15.60 0 788044 52.55 0 33558584 7.20 0 1342872 3.98 0 4197936
0.14 0 108988 2.94 0 2976812 0.11 0 109376 3.06 0 3079728
0.16 0 103160 3.06 0 3197964 0.13 0 109304 3.30 0 3310128
0.15 0 102904 3.02 0 3174964 0.13 0 107264 3.27 0 3285544
79.21 0 2282148 201.40 0 33558580 37.81 0 4296424 6.90 0 4197888
77.91 0 2278888 199.37 0 33558588 37.25 0 4291656 6.69 0 4197928
82.10 0 2313020 206.92 0 33557016 43.70 0 4224748 7.00 0 4197928
0.16 0 114280 2.15 0 2170424 0.11 0 110852 2.14 0 2211860
0.37 0 178488 6.10 0 6357556 0.25 0 170728 5.69 0 4200992
0.36 0 170516 6.21 0 6422072 0.27 0 162556 6.00 0 4201008
0.37 0 169944 6.44 0 6409776 0.27 0 162628 6.20 0 4200992
1021.17 0 14450896 3351.75 0 33560068 fail fail fail fail fail fail
990.05 0 14437724 3344.19 0 33560104 fail fail fail fail fail fail
979.51 0 14044880 3384.06 0 33561620 fail fail fail fail fail fail
194.94 0 4814272 508.50 0 33561652 59.67 0 10951364 7.80 0 4200996
51.84 0 1362888 135.81 0 33555468 14.97 0 2656888 3.89 0 4194852
275.13 0 4056720 649.72 0 33557048 64.82 0 11080272 15.26 0 4197908
274.51 0 4052344 660.42 0 33557000 62.33 0 11107608 20.50 0 4193328
0.20 0 107244 2.24 0 2170424 0.11 0 105368 2.30 0 2213424
21.34 0 860080 62.28 0 33557020 8.25 0 1597188 5.32 0 4197916
23.50 0 988624 70.30 0 33558584 9.67 0 1655532 3.51 0 3600392
0.16 0 103220 3.13 0 3187256 0.12 0 109240 3.38 0 3299376
0.15 0 109364 3.14 0 3165748 0.13 0 109324 3.32 0 3276300
121.90 0 2756976 299.95 0 33557024 47.99 0 6764456 6.84 0 4197928
123.52 0 2753420 291.35 0 33557004 48.21 0 6760056 5.70 0 4197904
125.05 0 2733300 282.80 0 33557012 50.62 0 6420756 5.95 0 4197928
0.00 0 13624 0.05 0 53768 0.00 0 15184 0.05 0 52272
0.00 0 15180 0.06 0 67640 0.00 0 15188 0.06 0 66060
0.91 0 45692 4.17 0 5385252 0.31 0 93144 0.15 0 170544
0.00 0 11612 0.07 0 81464 0.00 0 17228 0.07 0 79872
0.00 0 13660 0.07 0 75284 0.00 0 17208 0.07 0 73768
2.93 0 86332 12.64 0 16346136 0.87 0 247792 0.30 0 373296
9.61 0 40552 6.82 0 7233056 8.99 0 150136 4.60 0 3414544
1.89 0 65900 8.40 0 10874900 0.60 0 164632 0.32 0 400932
0.01 0 19276 0.09 0 96796 0.01 0 21336 0.08 0 86016
23.13 0 349168 56.84 0 33555512 7.23 0 1047716 5.09 0 4194848
23.29 0 350560 58.25 0 33555472 7.08 0 1060944 5.21 0 4194828
22.38 0 308104 48.49 0 33555508 8.71 0 776852 4.86 0 4194836
0.01 0 19320 0.17 0 178180 0.01 0 21396 0.17 0 168980
20.03 0 303972 54.73 0 33555460 4.60 0 1052048 12.89 0 4194864
1.67 0 56164 9.70 0 12813344 0.45 0 115544 0.23 0 287240
0.01 0 21896 0.21 0 219696 0.01 0 25512 0.20 0 207384
6.73 0 147276 29.17 0 33555496 1.51 0 348256 0.79 0 1046016
37.89 0 486788 82.49 0 33555468 9.96 0 1413916 7.11 0 4194856
39.63 0 488500 81.50 0 33555496 11.58 0 1425092 7.69 0 4196400
52.07 0 690564 121.76 0 33555500 10.80 0 2266016 16.71 0 4196396
51.11 0 689000 122.55 0 33555488 11.54 0 2261280 20.23 0 4196364
52.09 0 685068 124.09 0 33555472 11.20 0 2200428 10.80 0 4196368
0.00 0 11100 0.01 0 15388 0.00 0 11144 0.01 0 15408
0.00 0 11088 0.02 0 24624 0.00 0 13212 0.02 0 23068
0.03 0 13116 0.17 0 195088 0.02 0 15232 0.04 0 49180
0.01 0 15204 0.04 0 46136 0.00 0 15188 0.04 0 44592
5.46 0 1127756 100.07 0 33590844 3.36 0 1059140 94.01 0 33590840
0.12 0 111480 2.41 0 2314752 0.10 0 111420 2.43 0 2365488
0.17 0 117244 3.37 0 3391544 0.13 0 115524 3.58 0 3519012
0.18 0 111216 3.58 0 3644976 0.15 0 115508 3.85 0 3783196
0.18 0 113004 3.61 0 3620368 0.14 0 115456 3.92 0 3755536
176.96 0 3675648 419.93 0 33558560 65.44 0 10679288 6.94 0 4199460
175.85 0 3685848 412.94 0 33557028 62.44 0 10670272 7.01 0 4199472
175.54 0 3634828 408.10 0 33558540 69.28 0 9445692 7.38 0 4199472
0.26 0 143812 4.58 0 4617236 0.18 0 142056 4.73 0 4200988
0.26 0 144664 5.02 0 5045768 0.21 0 144212 5.79 0 4199472
0.27 0 146336 4.89 0 5012016 0.21 0 144224 5.18 0 4199440
809.59 0 10507488 2250.48 0 33560120 173.41 0 34435824 33.44 0 4200960
807.63 0 10494076 2258.55 0 33558544 170.46 0 34429292 126.85 0 4199468
787.19 0 10144548 2179.91 0 33560084 160.33 0 30882372 26.35 0 4199464
0.45 0 205544 8.13 0 8736776 0.30 0 192716 7.55 0 4204056
0.45 0 204836 8.17 0 8669240 0.31 0 191088 7.28 0 4202512
0.53 0 218348 8.99 0 9646108 0.34 0 200916 11.70 0 4204072
861.02 0 19502224 6570.63 0 33563188 247.57 0 32276672 252.60 0 33564732
787.98 0 19344944 4971.99 0 33563168 225.77 0 31850628 28.21 0 30681604
0.48 0 242188 9.67 0 9383456 0.39 0 235368 8.52 0 4204068
758.73 0 18368484 6229.43 0 33564724 231.45 0 28052096 232.20 0 4202540
fail fail fail fail fail fail fail fail fail fail fail fail
678.72 0 18328056 4855.96 0 33564728 209.69 0 27874216 38.04 0 33564684
fail fail fail fail fail fail 259.38 0 33567904 183.60 0 4202528
0.13 0 24428 0.55 0 646700 0.07 0 32644 0.03 0 33840
0.19 0 23876 0.90 0 1116692 0.11 0 38224 0.05 0 52232
0.57 0 31256 1.92 0 2328584 0.39 0 64908 0.14 0 144408
0.32 0 29512 1.38 0 1746488 0.14 0 56176 0.12 0 150576
0.72 0 49012 3.20 0 3965996 0.34 0 89960 0.13 0 158248
0.42 0 34716 2.01 0 2569788 0.19 0 59068 0.10 0 112168
0.06 0 14720 0.26 0 298040 0.03 0 22860 0.01 0 21532
0.04 0 13156 0.17 0 205860 0.02 0 17276 0.02 0 30752
0.28 0 29468 1.20 0 1430076 0.14 0 52096 0.09 0 107536
0.40 0 32620 1.76 0 2194972 0.19 0 59272 0.10 0 112160
0.83 0 51596 3.57 0 4380688 0.36 0 100556 0.22 0 274984
0.54 0 42352 2.42 0 3035164 0.25 0 83248 0.17 0 202772
1.55 0 72848 7.04 0 8950324 0.63 0 148316 0.98 0 1244200
0.70 0 48284 3.51 0 4414472 0.30 0 81556 0.25 0 308776
1.96 0 87336 9.69 0 11974712 0.72 0 175752 1.25 0 1697316
3.23 0 87824 8.11 0 10146824 1.17 0 158576 0.93 0 1141264
0.06 0 16784 0.28 0 336412 0.03 0 22876 0.04 0 49192
0.01 0 19292 0.13 0 145952 0.01 0 19292 0.13 0 145968
1.87 0 78240 8.18 0 10573828 0.69 0 177212 0.51 0 632864
0.01 0 19328 0.16 0 172056 0.01 0 21356 0.16 0 170544
0.01 0 19316 0.16 0 158256 0.01 0 21384 0.15 0 156672
0.01 0 19332 0.19 0 192044 0.01 0 21332 0.17 0 190464
0.01 0 21848 0.23 0 235040 0.01 0 25428 0.22 0 235024
369.81 0 154056 107.40 0 33555496 349.82 0 2810892 92.90 0 4196396
0.04 0 25444 0.27 0 298020 0.01 0 27520 0.27 0 288792
0.05 0 27464 0.33 0 371760 0.02 0 27536 0.33 0 370224
0.03 0 21320 0.18 0 202804 0.01 0 25428 0.18 0 193584
9.77 0 221548 33.06 0 33555464 2.69 0 646876 1.33 0 1720336
32.05 0 574360 76.45 0 33555488 8.32 0 1908804 3.05 0 3985968
0.01 0 27544 0.20 0 196644 0.01 0 29528 0.18 0 192040
324.40 0 740872 106.31 0 33555500 313.38 0 2188036 24.10 0 4194828
321.01 0 747880 106.47 0 33555472 287.26 0 2201848 18.88 0 4194864
572.73 0 641884 100.26 0 33555512 439.59 0 1903280 22.73 0 4196360
0.04 0 29568 0.38 0 376376 0.02 0 31588 0.36 0 373292
40.55 0 639408 96.59 0 33555476 9.37 0 2051968 16.24 0 4194860
0.03 0 33624 0.53 0 473104 0.02 0 33656 0.51 0 465428
13.61 0 285000 41.95 0 33557032 3.00 0 685224 0.94 0 924708
350.23 0 976756 158.77 0 33555488 294.53 0 3073136 27.28 0 4196396
337.60 0 978760 163.13 0 33557012 286.59 0 3078816 28.21 0 4196380
118.53 0 1447712 232.58 0 33557012 36.03 0 4630712 50.98 0 4196360
116.01 0 1443024 236.51 0 33555504 33.24 0 4630864 54.43 0 4196392
143.40 0 1427348 235.85 0 33555484 64.06 0 4512996 47.92 0 4196400
fail fail fail fail fail fail fail fail fail fail fail fail
0.00 0 15208 0.09 0 82972 0.00 0 15708 0.08 0 81444
0.49 0 43860 2.33 0 2459152 0.25 0 72592 0.13 0 141360
0.67 0 53704 3.51 0 3924500 0.35 0 88948 0.17 0 190504
4.07 0 63268 6.71 0 8014900 2.29 0 145472 1.17 0 1348648
0.92 0 56824 4.11 0 4543508 0.44 0 112864 0.32 0 373296
272.15 0 330144 79.12 0 33555464 251.59 0 2602884 34.46 0 4194844
1.22 0 74840 5.56 0 6520376 0.56 0 150116 0.24 0 262696
1.55 0 83564 6.71 0 7918120 0.69 0 169828 0.42 0 502280
1411.17 0 687684 207.77 0 33555468 1325.05 0 4932728 96.56 0 4194856
0.01 0 21352 0.15 0 145976 0.01 0 23440 0.12 0 133656
1242.63 0 631804 229.41 0 33553964 745.06 0 4671272 98.41 0 4194860
0.01 0 23376 0.15 0 155144 0.01 0 25476 0.14 0 138272
2.60 0 124264 12.17 0 14994456 1.04 0 241868 0.79 0 1018408
2.87 0 131996 13.87 0 16352296 1.12 0 269492 0.78 0 909360
4.37 0 153512 20.11 0 25305644 1.48 0 363140 0.87 0 1092144
1.29 0 78716 6.63 0 7958044 0.60 0 133892 0.33 0 360968
3.35 0 145180 16.52 0 19825208 1.24 0 319228 1.14 0 1419272
7.40 0 147856 14.59 0 17505804 5.31 0 260028 1.51 0 1853968
31.61 0 430320 53.76 0 33555464 14.79 0 999404 7.12 0 4196396
28.72 0 429556 52.68 0 33555484 14.49 0 998184 6.80 0 4196400
43.04 0 433996 54.85 0 33555468 28.87 0 983824 8.03 0 4194864
0.00 0 17268 0.06 0 73784 0.00 0 17280 0.06 0 72228
0.00 0 17252 0.08 0 87556 0.00 0 17244 0.08 0 86032
0.01 0 15712 0.09 0 107572 0.00 0 17228 0.09 0 104492
1.15 0 63060 5.57 0 6700072 0.45 0 122684 0.21 0 239656
2.12 0 81236 9.17 0 11441720 0.72 0 187172 0.65 0 832552
1.51 0 67748 6.61 0 7994936 0.56 0 155252 0.61 0 760360
2.36 0 87796 10.45 0 13109780 0.84 0 201528 0.86 0 1073704
3.30 0 113148 14.36 0 17562632 1.09 0 306836 0.43 0 545316
2.46 0 99708 10.89 0 13341748 0.82 0 221248 0.33 0 384032
1.09 0 56872 5.05 0 6180904 0.38 0 109884 0.18 0 199704
0.01 0 25472 0.16 0 165944 0.01 0 25468 0.14 0 149040
21.91 0 440152 59.14 0 33555516 6.55 0 1046156 4.32 0 4196400
18.51 0 395584 51.63 0 33555512 7.81 0 836536 4.09 0 4196396
4.36 0 142692 21.70 0 26838576 1.31 0 328496 0.65 0 777224
697.17 0 406088 76.26 0 33553976 277.94 0 1619720 16.86 0 4196352
2.14 0 90348 10.86 0 14303268 0.71 0 170376 0.32 0 391692
5.64 0 170808 27.74 0 33555504 1.65 0 380068 0.85 0 1024536
7.94 0 201204 30.12 0 33553972 2.57 0 412536 1.40 0 1797168
50.24 0 812580 117.86 0 33555488 11.43 0 2279440 6.12 0 4196352
50.46 0 810412 122.53 0 33555464 11.82 0 2275448 6.57 0 4196400
50.11 0 807848 118.65 0 33555512 10.75 0 2266448 6.01 0 4193308
9.54 0 298676 36.50 0 33555476 3.32 0 692688 1.52 0 1883168
292.49 0 481412 65.83 0 33555464 149.71 0 1542524 10.77 0 4196396
26.58 0 618508 71.73 0 33555460 7.69 0 1386124 1.54 0 1743404
30.04 0 637084 89.63 0 33557008 7.55 0 1502048 1.89 0 2164236
27.56 0 639144 84.93 0 33555488 7.14 0 1436272 1.56 0 1758768
fail fail fail fail fail fail fail fail fail fail fail fail
41.59 0 776512 127.06 0 33557024 9.83 0 2203568 4.10 0 4196380
85.92 0 1297368 181.12 0 33555476 24.50 0 4296988 22.10 0 4196380
149.88 0 1758616 339.71 0 33557000 31.41 0 5261980 19.90 0 4197932
141.60 0 1668324 306.36 0 33557024 26.84 0 5234528 15.48 0 4196400
171.43 0 1844304 353.83 0 33557048 49.81 0 5520916 35.38 0 4197928
185.27 0 2681660 399.78 0 33557028 41.83 0 9726940 5.16 0 4197920
0.08 0 70496 1.23 0 1095184 0.07 0 70528 1.04 0 1015328
0.09 0 80916 1.88 0 1893916 0.09 0 80740 2.00 0 1895460
0.13 0 106464 2.25 0 2323980 0.14 0 111328 2.33 0 2377736
0.13 0 111276 2.45 0 2343992 0.15 0 115388 2.36 0 2400776
490.34 0 4649276 1124.43 0 33558532 75.32 0 17013040 42.03 0 4197928
62.66 0 1117060 145.02 0 33555500 15.24 0 3158260 1.59 0 2012204
0.05 0 54172 1.21 0 1213484 0.05 0 56212 1.16 0 1213488
238.35 0 2705648 545.09 0 33557004 41.12 0 9551620 4.68 0 4196364
0.08 0 83256 1.54 0 1509932 0.09 0 82804 1.50 0 1509932
259.53 0 2882688 611.32 0 33557000 44.97 0 10040052 6.11 0 4196376
39.64 0 802076 98.33 0 33555504 9.89 0 2128728 1.69 0 2136592
0.05 0 52040 1.04 0 1087528 0.05 0 52056 1.11 0 1087488
156.73 0 1848684 356.28 0 33557044 26.71 0 5270960 8.92 0 4194848
0.07 0 76648 1.43 0 1357868 0.07 0 76652 1.38 0 1356288
167.32 0 1992968 393.19 0 33555496 30.13 0 5597008 12.75 0 4197936
0.08 0 56180 0.83 0 854024 0.06 0 56148 0.82 0 817192
0.06 0 58676 1.34 0 1387064 0.06 0 60312 1.42 0 1387028
323.19 0 3484960 747.41 0 33557000 53.37 0 12068424 4.94 0 4197920
0.09 0 96232 1.71 0 1723448 0.10 0 99156 1.70 0 1723424
343.49 0 3724504 813.60 0 33558568 61.21 0 12691324 6.69 0 4196384
115.28 0 2056472 266.72 0 33555488 31.51 0 5728296 9.07 0 4197928
0.09 0 70476 1.11 0 1061424 0.07 0 70492 1.05 0 1032236
140.08 0 2277760 313.54 0 33558548 33.95 0 7595404 5.50 0 4197936
281.61 0 3249904 665.10 0 33558548 49.43 0 10788276 22.47 0 4197924
232.97 0 2976224 553.88 0 33557000 49.00 0 10226776 7.51 0 4199468
291.26 0 3461132 704.73 0 33558572 51.62 0 11134464 26.84 0 4197928
194.23 0 372068 51.42 0 33557036 237.58 0 1090100 7.91 0 4196392
201.07 0 756200 111.54 0 33557040 192.94 0 2167180 23.45 0 4196392
17.10 0 450796 49.07 0 33557052 5.44 0 1160304 3.55 0 4196396
6020.33 0 917352 282.20 0 33557040 3454.88 0 8640172 114.10 0 4196400
213.31 0 978128 136.94 0 33557000 221.23 0 2728436 24.96 0 4197936
0.08 0 64312 0.98 0 1003056 0.06 0 64344 1.03 0 976940
77.70 0 1596180 178.07 0 33557012 25.84 0 4592252 16.78 0 4197896
858.27 0 1980692 274.10 0 33558532 1022.75 0 5478480 39.43 0 4197928
126.24 0 2082316 278.85 0 33558536 34.80 0 5880868 40.47 0 4197932
2283.08 0 2083508 354.69 0 33558572 2296.71 0 5934304 54.22 0 4197924
0.30 0 182260 4.17 0 4330032 0.22 0 168640 4.56 0 4202536
0.31 0 201972 3.45 0 3486760 0.23 0 203680 3.75 0 3565096
0.37 0 224040 6.36 0 6508060 0.44 0 217308 6.05 0 4204068
0.43 0 306012 8.31 0 7913484 0.62 0 306644 7.23 0 4208676
0.46 0 320360 8.16 0 7991820 0.64 0 308604 7.43 0 4207152
0.45 0 309344 8.37 0 8291384 0.61 0 305540 7.36 0 4208656
0.65 0 420568 10.25 0 10467900 0.76 0 406764 8.55 0 4214804
0.67 0 455844 8.63 0 8492564 0.73 0 441540 7.30 0 4216340
0.94 0 522560 16.34 0 16316968 1.30 0 469748 12.67 0 4219420
1.31 0 747232 20.56 0 20329004 1.89 0 692368 17.00 0 4231712
1.35 0 783192 21.49 0 20554780 1.84 0 719348 17.45 0 4231708
1.34 0 775912 21.96 0 21370396 1.86 0 701660 17.95 0 4228608
134.23 0 2129236 304.06 0 33557004 32.34 0 5941992 8.43 0 4197896
0.10 0 80712 1.24 0 1253432 0.08 0 84884 1.22 0 1219632
136.73 0 2190632 314.41 0 33558532 33.73 0 6425600 12.01 0 4197920
313.07 0 3343476 738.50 0 33560088 49.21 0 11062368 10.18 0 4197928
241.15 0 2832188 534.43 0 33560096 42.27 0 9776332 5.95 0 4199436
336.69 0 3596076 814.64 0 33558584 55.55 0 11729492 24.22 0 4197908
0.15 0 95140 1.96 0 1952272 0.12 0 92536 1.84 0 1949232
0.09 0 99176 1.51 0 1483824 0.10 0 103324 1.43 0 1482288
0.13 0 106172 2.83 0 2752556 0.16 0 103104 2.87 0 2837040
0.20 0 148920 3.45 0 3371524 0.24 0 148220 3.60 0 3497484
0.21 0 152520 3.50 0 3400740 0.24 0 149860 3.68 0 3531312
0.20 0 151228 3.62 0 3528200 0.25 0 150324 3.72 0 3664928
13.87 0 258696 44.30 0 33555496 2.85 0 672304 3.02 0 3932196
59.83 0 649448 148.22 0 33557040 8.91 0 1901184 14.45 0 4196400
42.03 0 526192 108.34 0 33557000 6.40 0 1443180 4.01 0 4196380
66.53 0 692240 161.98 0 33556992 9.09 0 2140536 17.66 0 4196388
9777.78 0 1560992 410.76 0 33557016 6120.10 0 11028892 225.67 0 33555480
0.06 0 64304 0.75 0 794168 0.05 0 66400 0.71 0 751144
0.05 0 64860 1.13 0 1208864 0.06 0 66396 1.14 0 1208860
202.54 0 2058896 469.42 0 33557052 31.55 0 6061824 12.39 0 4197936
0.07 0 82816 1.50 0 1519156 0.08 0 84852 1.48 0 1519152
227.82 0 2244072 531.58 0 33557000 32.13 0 6925068 19.19 0 4197916
217.36 0 3622216 516.01 0 33557004 55.23 0 11327652 6.74 0 4197896
0.11 0 94556 1.46 0 1442348 0.08 0 101220 1.26 0 1317904
0.11 0 100408 2.46 0 2465308 0.13 0 97004 2.47 0 2526764
0.17 0 133868 3.03 0 3033608 0.19 0 131832 3.20 0 3139604
0.18 0 137384 3.11 0 3058196 0.22 0 133520 3.22 0 3170332
0.18 0 133104 3.16 0 3171900 0.19 0 131536 3.31 0 3290160
0.15 0 121520 2.48 0 2551352 0.13 0 117328 2.50 0 2608148
0.16 0 129940 2.11 0 2105900 0.14 0 125760 2.16 0 2158108
0.20 0 148908 3.90 0 3958308 0.25 0 147716 4.15 0 4113456
0.26 0 197484 4.86 0 4826160 0.33 0 187896 4.72 0 4202544
0.27 0 204436 4.94 0 4872252 0.34 0 191316 4.76 0 4202524
0.27 0 201124 5.08 0 5055024 0.33 0 190848 4.93 0 4202544
5880.42 0 734056 312.25 0 33557040 1382.08 0 4213336 61.95 0 4194848
7130.80 0 947004 513.53 0 33555460 5187.64 0 5500812 131.36 0 33555468
0.37 0 242164 5.91 0 5435908 0.28 0 231816 4.99 0 4205580
0.38 0 254432 4.63 0 4405264 0.30 0 250296 4.67 0 4207128
0.64 0 286976 8.14 0 8166920 0.54 0 260924 7.13 0 4205608
0.81 0 397844 10.06 0 9945632 0.79 0 389608 8.71 0 4213296
0.68 0 412032 10.30 0 10042408 0.83 0 402084 8.76 0 4213256
0.65 0 399840 10.78 0 10418728 0.82 0 393832 9.17 0 4211728
0.42 0 38796 1.84 0 2151940 0.23 0 53124 0.11 0 110632
825.71 0 346180 104.16 0 33555480 1289.31 0 2450280 59.23 0 4194840
1.62 0 60868 4.70 0 5243960 0.55 0 85624 0.27 0 268800
1.90 0 59204 4.84 0 5133328 0.59 0 83832 0.31 0 291888
1.76 0 62244 5.09 0 5655608 0.59 0 86756 0.28 0 278036
0.37 0 240512 5.36 0 5417520 0.28 0 223880 5.14 0 4205608
0.34 0 254856 4.47 0 4389904 0.31 0 250664 4.46 0 4207148
0.46 0 279432 8.07 0 8142380 0.54 0 258744 7.05 0 4205592
0.62 0 393512 10.04 0 9913348 0.80 0 393616 8.35 0 4211760
0.62 0 412496 10.19 0 10010116 0.83 0 399872 8.41 0 4211720
0.64 0 397368 10.39 0 10384948 0.81 0 393556 8.94 0 4213280
0.40 0 260168 6.14 0 5958172 0.33 0 256236 5.81 0 4205608
0.40 0 275312 4.99 0 4818452 0.34 0 265868 4.80 0 4207120
0.52 0 309628 8.95 0 8985624 0.61 0 294620 7.65 0 4207136
0.69 0 426264 11.14 0 10934816 0.87 0 418440 9.27 0 4214788
0.71 0 443256 11.35 0 11042348 0.94 0 430612 9.59 0 4214816
0.69 0 429724 11.60 0 11455504 0.93 0 422520 9.69 0 4214820
1.87 0 1086232 29.63 0 28846080 1.91 0 962432 25.09 0 4248624
1.96 0 1153640 24.16 0 23548424 2.12 0 1004000 19.32 0 4257840
2.39 0 1293212 42.58 0 33620016 3.56 0 1145260 42.02 0 33620020
3.88 0 1905544 49.28 0 33653792 5.12 0 1683164 49.71 0 33653812
3.96 0 1987232 51.45 0 33653808 5.21 0 1747184 50.36 0 33653780
3.84 0 1927652 51.69 0 33653816 6.19 0 1699420 51.19 0 33650700
0.16 0 109340 2.02 0 2102824 0.12 0 105352 2.06 0 2148908
0.15 0 113476 1.69 0 1743368 0.11 0 109268 1.68 0 1728012
173.27 0 3044960 386.45 0 33558540 47.86 0 10231400 6.16 0 4196360
253.68 0 3813124 583.40 0 33561656 57.84 0 11915332 5.25 0 4199452
278.61 0 4041724 690.02 0 33560108 58.20 0 11697544 12.76 0 4201004
256.84 0 3983888 596.97 0 33560092 62.88 0 12296788 5.29 0 4201000
0.17 0 99176 1.77 0 1807920 0.11 0 99192 1.69 0 1807892
0.16 0 105348 1.70 0 1695768 0.12 0 103300 1.56 0 1689620
12922.62 0 2179996 1330.08 0 33558580 9782.35 0 15858132 212.97 0 33557048
1430.91 0 1682264 250.57 0 33560120 668.64 0 4475736 25.20 0 4197908
0.18 0 113520 2.21 0 2270220 0.13 0 109400 2.26 0 2319408
0.17 0 117632 1.93 0 1909304 0.12 0 113460 1.85 0 1889316
186.55 0 2779544 366.30 0 33558576 63.40 0 9377324 19.91 0 4199448
294.03 0 3741984 702.99 0 33560088 52.36 0 11685080 18.11 0 4199440
281.02 0 3590084 641.83 0 33561608 51.70 0 11594132 7.05 0 4201008
312.29 0 3949696 736.03 0 33560092 56.29 0 12165972 12.52 0 4201008
0.17 0 113516 2.23 0 2294820 0.13 0 111464 2.42 0 2343976
0.17 0 119656 1.97 0 1970712 0.12 0 115556 2.01 0 1953816
164.64 0 2124496 196.10 0 33560116 67.50 0 4689876 7.18 0 4199444
114.79 0 2749136 283.69 0 33560112 33.50 0 5656052 6.29 0 4200996
122.39 0 2802412 350.64 0 33560076 35.44 0 5980760 7.58 0 4200988
118.67 0 2893396 301.45 0 33560104 36.08 0 5892084 6.25 0 4201008
0.29 0 180864 3.97 0 4079628 0.22 0 168440 4.47 0 4202532
0.26 0 185556 3.36 0 3290160 0.18 0 174052 3.50 0 3270160
0.63 0 216928 7.54 0 8226840 0.37 0 192880 6.56 0 4204060
0.88 0 308724 9.29 0 9699864 0.59 0 304644 7.73 0 4207116
0.72 0 313468 8.93 0 8738324 0.48 0 304924 7.39 0 4208676
0.90 0 316580 9.55 0 10145328 0.65 0 296912 7.97 0 4208668
242.22 0 3453840 539.66 0 33557024 50.99 0 11440260 4.92 0 4197912
0.10 0 92976 1.33 0 1382432 0.07 0 90992 1.18 0 1227308
0.11 0 98412 2.30 0 2196536 0.10 0 97156 2.23 0 2248752
0.14 0 133388 2.78 0 2735648 0.14 0 125668 2.93 0 2818572
0.14 0 133164 2.77 0 2752520 0.15 0 127840 2.97 0 2838548
0.14 0 131168 2.95 0 2853932 0.15 0 129784 2.95 0 2946072
0.18 0 113460 2.26 0 2308656 0.12 0 109384 2.37 0 2357784
0.17 0 118660 1.93 0 1966084 0.11 0 115604 1.91 0 1944600
198.87 0 2841528 342.55 0 33558552 69.54 0 9913516 40.99 0 4197908
216.50 0 3566972 502.92 0 33561656 51.23 0 11082592 6.69 0 4200988
252.66 0 3731392 565.39 0 33561616 71.20 0 12190664 153.28 0 4201000
229.05 0 3655392 534.25 0 33561628 52.30 0 11403028 5.62 0 4200976
15.02 0 223712 45.47 0 33555512 2.81 0 693900 1.92 0 2664976
25.54 0 372488 78.03 0 33555464 5.76 0 1242992 9.10 0 4196368
69.42 0 635260 162.16 0 33555476 9.24 0 2079636 10.46 0 4196392
45.86 0 486816 110.00 0 33555512 6.18 0 1631872 3.68 0 4196368
75.65 0 686928 174.89 0 33555484 10.69 0 2250908 21.79 0 4196388
1.39 0 811936 21.31 0 21015584 1.37 0 742852 17.22 0 4234776
1.38 0 879188 16.98 0 16625712 1.41 0 804732 13.37 0 4240936
1.89 0 996068 34.95 0 33338892 2.58 0 903164 34.49 0 4240904
2.80 0 1450712 39.37 0 33626120 3.46 0 1335768 56.23 0 4267056
2.93 0 1518504 41.05 0 33626132 3.71 0 1387312 60.61 0 4265496
2.96 0 1469328 55.58 0 33626120 3.49 0 1359720 66.42 0 4265492
0.20 0 121732 2.50 0 2609720 0.16 0 117620 2.48 0 2660368
0.18 0 127804 2.18 0 2173452 0.14 0 125736 2.20 0 2211888
243.86 0 3673516 473.18 0 33560112 91.56 0 11998588 28.87 0 4199472
300.34 0 4588344 710.42 0 33561608 64.80 0 13343936 5.84 0 4202544
347.97 0 4868772 769.70 0 33563188 88.93 0 16164944 161.98 0 4202536
311.21 0 4809584 745.12 0 33563176 69.44 0 13785632 5.61 0 4202504
0.25 0 156136 3.35 0 3403800 0.18 0 150104 3.43 0 3520552
0.23 0 164632 2.78 0 2752564 0.17 0 156080 2.83 0 2801708
486.80 0 6628544 1126.47 0 33561604 111.51 0 21016608 7.81 0 4202544
1053.45 0 10043124 2755.53 0 33564680 157.18 0 34652752 13.87 0 4204068
814.27 0 8432048 1989.62 0 33564728 140.99 0 28280028 9.06 0 4205588
1151.38 0 10825488 3088.02 0 33564700 181.49 0 34716524 17.93 0 4204080
0.34 0 213916 5.11 0 5139460 0.26 0 194820 5.00 0 4204032
0.31 0 229804 4.23 0 4141092 0.27 0 231308 4.49 0 4205580
0.40 0 259020 7.73 0 7597076 0.45 0 252352 7.48 0 4205612
0.53 0 350592 9.48 0 9275928 0.64 0 337256 8.23 0 4210224
0.55 0 365320 9.76 0 9361940 0.65 0 346604 8.25 0 4210216
0.55 0 350544 9.80 0 9713712 0.68 0 337836 8.82 0 4211736
0.40 0 234224 5.55 0 5568008 0.29 0 225540 5.39 0 4205604
0.35 0 244356 4.70 0 4485152 0.31 0 249844 4.58 0 4207148
0.47 0 274572 8.23 0 8246832 0.56 0 276204 7.22 0 4207128
0.61 0 373584 10.18 0 10060848 0.79 0 354852 9.03 0 4213284
0.62 0 392088 10.35 0 10156080 0.83 0 364704 9.08 0 4211736
0.63 0 375496 10.67 0 10536980 0.82 0 356436 9.30 0 4211760
0.38 0 238484 5.41 0 5554232 0.29 0 231556 5.33 0 4204072
0.36 0 244100 4.53 0 4474392 0.30 0 250204 4.67 0 4207152
0.46 0 276220 8.27 0 8225312 0.54 0 266476 7.19 0 4207116
0.61 0 375240 10.16 0 10034720 0.80 0 352804 9.18 0 4213280
0.63 0 387544 10.44 0 10129964 0.77 0 364696 9.06 0 4213296
0.62 0 375620 10.81 0 10509316 0.78 0 356128 9.34 0 4211740
0.39 0 248644 5.69 0 5727788 0.29 0 236160 5.57 0 4205616
0.37 0 256488 4.86 0 4677156 0.30 0 256036 4.66 0 4207148
0.48 0 288392 8.66 0 8577064 0.55 0 276428 7.51 0 4205596
0.66 0 406024 10.62 0 10460208 0.82 0 399752 9.38 0 4213284
0.66 0 422748 10.96 0 10558512 0.85 0 410020 9.39 0 4213280
0.67 0 409432 11.12 0 10954788 0.81 0 404232 9.72 0 4213260
0.39 0 248168 5.70 0 5724692 0.30 0 238260 5.62 0 4205616
0.38 0 256612 4.84 0 4674052 0.33 0 255924 4.90 0 4205616
0.49 0 288724 8.46 0 8572468 0.55 0 278424 7.41 0 4207128
0.66 0 405396 10.70 0 10455608 0.85 0 399500 8.94 0 4213284
0.67 0 422660 10.77 0 10553888 0.86 0 409572 9.44 0 4213268
0.67 0 409560 11.36 0 10950180 0.87 0 402200 9.84 0 4213256
0.43 0 260964 6.05 0 6076476 0.31 0 254264 5.99 0 4205568
0.41 0 268608 5.03 0 4961284 0.33 0 268040 4.96 0 4207104
0.51 0 302584 9.26 0 9119272 0.60 0 294328 7.92 0 4208688
0.68 0 427196 11.34 0 11117620 0.87 0 417568 9.57 0 4214800
0.70 0 445176 11.87 0 11225140 0.91 0 427884 9.90 0 4214828
0.72 0 431620 11.85 0 11646012 0.86 0 422004 9.96 0 4214832
0.43 0 269064 6.21 0 6211616 0.33 0 260848 6.20 0 4205600
0.40 0 273364 5.39 0 5073436 0.32 0 275324 4.96 0 4208676
0.47 0 309468 9.47 0 9351212 0.51 0 296248 8.16 0 4208688
0.81 0 444536 11.87 0 11601412 0.73 0 410056 9.92 0 4216368
0.76 0 461708 11.75 0 11506236 0.78 0 426140 9.90 0 4216352
0.93 0 453028 12.86 0 12363324 0.71 0 416368 11.10 0 4213248
2.59 0 86680 12.77 0 16301628 0.86 0 203184 0.30 0 344100
1094.21 0 242632 109.20 0 33553960 778.24 0 4184764 57.29 0 4194860
7.44 0 169340 30.90 0 33553956 1.91 0 405656 0.60 0 720424
8.31 0 171372 32.59 0 33555508 2.15 0 443396 1.03 0 1336348
7.79 0 175496 31.75 0 33555460 1.96 0 417208 0.67 0 854032
1.17 0 699016 18.63 0 18720784 1.17 0 617156 15.30 0 4230188
1.31 0 795392 15.52 0 14999084 1.38 0 739840 12.44 0 4234780
1.79 0 906108 31.60 0 29999624 2.32 0 823532 28.17 0 4236312
2.36 0 1239944 38.13 0 33618460 3.29 0 1090368 39.90 0 4257816
2.48 0 1301360 38.61 0 33618476 3.28 0 1138744 41.28 0 4259372
2.52 0 1248664 39.47 0 33619996 3.27 0 1104300 43.83 0 4259372
5.28 0 144268 26.49 0 33553980 1.56 0 354568 1.95 0 2645040
33.24 0 223500 37.06 0 33553960 8.34 0 652688 4.41 0 4196400
16.16 0 288584 49.61 0 33555508 3.41 0 726736 3.42 0 4196400
16.84 0 296324 50.35 0 33555488 3.62 0 764708 4.49 0 4196392
17.24 0 302204 52.07 0 33553944 3.56 0 754028 3.61 0 4196380
55.91 0 797496 176.02 0 33555500 11.53 0 2509136 5.69 0 4196376
0.05 0 41856 0.53 0 545308 0.04 0 43876 0.57 0 533004
52.52 0 772824 116.29 0 33557044 12.47 0 2483788 12.55 0 4196376
140.99 0 1306924 304.91 0 33557036 21.64 0 4193236 31.31 0 4197920
92.58 0 1005952 221.06 0 33557000 13.96 0 3179912 4.76 0 4196372
152.53 0 1397076 334.06 0 33557048 21.64 0 4501992 21.84 0 4197908
9.18 0 253252 34.86 0 33555464 2.79 0 660524 1.58 0 2144284
38.49 0 400236 52.34 0 33555516 16.17 0 1171788 5.44 0 4196380
27.98 0 531112 73.96 0 33557020 6.33 0 1304964 3.43 0 4196376
29.96 0 534588 75.16 0 33557012 6.72 0 1382904 4.99 0 4196400
29.15 0 555264 76.79 0 33555488 6.82 0 1354140 2.32 0 2803248
17.31 0 330648 51.73 0 33555480 3.94 0 987832 1.67 0 2138160
346.26 0 551696 83.45 0 33555516 108.80 0 1643452 7.96 0 4194844
70.62 0 829132 161.79 0 33557032 11.29 0 2329864 10.74 0 4196396
53.97 0 727968 127.93 0 33557048 9.26 0 2127744 3.87 0 4194844
75.66 0 878888 173.43 0 33555456 11.78 0 2474400 11.18 0 4196396
fail fail fail fail fail fail fail fail fail fail fail fail
0.14 0 97140 1.37 0 1399320 0.11 0 99204 1.34 0 1380892
0.13 0 74600 1.22 0 1285640 0.10 0 76640 1.23 0 1270320
0.08 0 93020 0.99 0 987656 0.06 0 88936 0.99 0 986152
0.08 0 84868 1.04 0 1047600 0.06 0 82804 1.03 0 1042988
0.06 0 64368 0.92 0 932388 0.05 0 62312 0.91 0 932380
0.11 0 88928 1.19 0 1221160 0.08 0 88956 1.20 0 1207308
0.13 0 86804 1.32 0 1396264 0.10 0 86896 1.32 0 1385476
0.07 0 85304 1.04 0 1050660 0.07 0 95092 1.03 0 1049136
0.04 0 62324 0.72 0 689724 0.05 0 62300 0.70 0 686640
0.08 0 90376 0.90 0 904708 0.06 0 84848 0.90 0 901680
0.05 0 68460 0.71 0 700432 0.05 0 68448 0.71 0 697344
0.07 0 86920 0.91 0 909344 0.05 0 84832 0.91 0 907776
0.06 0 66448 0.88 0 892432 0.05 0 66452 0.90 0 892464
0.09 0 88960 1.15 0 1148948 0.07 0 88964 1.13 0 1147440
0.07 0 90960 0.98 0 986128 0.06 0 84836 0.99 0 984584
0.06 0 70480 0.91 0 903224 0.05 0 72496 0.90 0 903208
0.06 0 66444 0.83 0 818712 0.05 0 66436 0.83 0 817184
0.33 0 197472 3.78 0 3772452 0.22 0 185052 3.93 0 3864620
0.30 0 183088 3.47 0 3451428 0.22 0 172876 3.55 0 3520520
0.23 0 195356 2.86 0 2761744 0.22 0 182356 2.81 0 2846248
0.22 0 184772 2.77 0 2754080 0.20 0 176104 2.82 0 2843172
0.19 0 170536 2.60 0 2602004 0.14 0 160608 2.73 0 2677276
0.28 0 195316 3.36 0 3336212 0.20 0 183032 3.47 0 3423748
0.31 0 193168 3.67 0 3780140 0.22 0 182956 3.84 0 3884580
0.23 0 195276 3.00 0 2939960 0.21 0 185136 3.82 0 3047424
0.15 0 157608 2.00 0 1933872 0.16 0 162148 2.00 0 1926168
0.22 0 191228 2.63 0 2529800 0.20 0 178484 2.70 0 2595876
0.17 0 165332 2.04 0 1963016 0.16 0 158892 2.08 0 1955360
0.21 0 190712 2.56 0 2534436 0.16 0 174836 2.65 0 2606612
0.19 0 172648 2.49 0 2491440 0.14 0 164228 2.61 0 2560552
0.24 0 193320 3.14 0 3072056 0.23 0 182312 3.31 0 3187244
0.22 0 191288 2.86 0 2760248 0.21 0 180572 2.84 0 2846220
0.19 0 176392 2.61 0 2520616 0.15 0 168216 2.62 0 2588176
0.19 0 172648 2.37 0 2288644 0.19 0 166172 2.42 0 2337840
fail fail fail fail fail fail fail fail fail fail fail fail
fail fail fail fail fail fail fail fail fail fail fail fail
0.21 0 173360 2.62 0 2575920 0.15 0 170364 2.60 0 2588208
fail fail fail fail fail fail fail fail fail fail fail fail
fail fail fail fail fail fail fail fail fail fail fail fail
fail fail fail fail fail fail fail fail fail fail fail fail
fail fail fail fail fail fail fail fail fail fail fail fail
0.20 0 176928 2.76 0 2743348 0.15 0 172788 2.79 0 2777120
0.15 0 147700 1.88 0 1849384 0.14 0 146228 1.75 0 1734164
0.20 0 169532 2.41 0 2368544 0.14 0 168764 2.43 0 2386944
0.16 0 151660 1.88 0 1877040 0.14 0 148224 1.75 0 1761816
0.20 0 174904 2.34 0 2363908 0.15 0 168680 2.43 0 2403880
fail fail fail fail fail fail fail fail fail fail fail fail
fail fail fail fail fail fail fail fail fail fail fail fail
0.20 0 172392 2.57 0 2588216 0.14 0 168792 2.51 0 2597392
0.17 0 154316 2.30 0 2353168 0.12 0 149952 2.38 0 2367024
0.17 0 149724 2.11 0 2148896 0.13 0 148276 2.10 0 2158116
356.20 0 4792692 822.91 0 33555472 95.82 0 17960804 7.93 0 4197924
0.06 0 60288 0.87 0 869396 0.05 0 60296 0.88 0 864800
0.06 0 68468 0.83 0 834108 0.05 0 70524 0.84 0 829464
0.06 0 60280 0.81 0 832556 0.05 0 62328 0.84 0 827916
0.05 0 56220 0.74 0 772624 0.04 0 56176 0.86 0 769580
0.06 0 64408 0.90 0 920072 0.06 0 64352 0.92 0 915500
0.06 0 62320 0.94 0 976924 0.06 0 62336 0.99 0 972336
0.06 0 68456 0.89 0 887844 0.05 0 70552 0.90 0 884768
0.04 0 56672 0.58 0 577596 0.04 0 56220 0.59 0 571428
0.05 0 64364 0.75 0 763444 0.05 0 62348 0.77 0 754200
0.04 0 58208 0.60 0 586792 0.04 0 58252 0.58 0 580624
0.05 0 64404 0.75 0 760336 0.05 0 62308 0.76 0 752652
0.05 0 58188 0.74 0 748056 0.05 0 58212 0.75 0 743440
0.06 0 66400 0.93 0 927800 0.06 0 64308 0.90 0 924720
0.06 0 64380 0.81 0 834068 0.05 0 62352 0.85 0 827948
0.05 0 60292 0.76 0 755740 0.05 0 58228 0.86 0 751132
0.05 0 58240 0.71 0 691204 0.04 0 58220 0.67 0 685068
0.22 0 131944 2.37 0 2396208 0.16 0 127848 2.41 0 2420748
0.20 0 123688 2.23 0 2201124 0.14 0 117556 2.22 0 2222604
0.13 0 135880 1.73 0 1728008 0.12 0 125820 1.73 0 1726496
0.13 0 121552 1.71 0 1724980 0.12 0 117488 1.73 0 1721892
0.11 0 113396 1.64 0 1629724 0.08 0 109260 1.59 0 1629736
0.18 0 129956 2.08 0 2101304 0.13 0 125772 2.07 0 2082816
0.20 0 129940 2.32 0 2391580 0.16 0 121092 2.33 0 2428464
0.13 0 128192 1.85 0 1841716 0.13 0 125316 1.86 0 1838640
0.09 0 112560 1.24 0 1205816 0.10 0 107456 1.23 0 1202700
0.14 0 125692 1.59 0 1583632 0.12 0 123716 1.59 0 1577488
0.09 0 114600 1.27 0 1225764 0.09 0 111204 1.24 0 1221128
0.13 0 125592 1.56 0 1588272 0.09 0 129776 1.78 0 1588268
0.11 0 117416 1.57 0 1560608 0.08 0 111436 1.55 0 1560576
0.14 0 127800 1.89 0 1923124 0.13 0 127824 1.98 0 1921536
0.13 0 125588 1.75 0 1728052 0.13 0 123656 1.76 0 1724940
0.12 0 119524 1.57 0 1579056 0.09 0 113444 1.59 0 1579048
0.11 0 113520 1.44 0 1433108 0.10 0 111340 1.44 0 1430056
0.38 0 279456 4.89 0 4812308 0.27 0 273128 5.85 0 4202544
0.31 0 250628 4.33 0 4159544 0.33 0 243588 5.18 0 4202544
0.35 0 285484 4.07 0 3999780 0.34 0 278928 4.42 0 4173332
0.33 0 266732 4.10 0 3984392 0.31 0 260540 4.42 0 4153356
0.26 0 222196 3.91 0 3729416 0.21 0 210884 4.03 0 3861540
0.36 0 281420 4.50 0 4406812 0.36 0 274820 4.72 0 4205576
0.36 0 273300 4.70 0 4669440 0.36 0 264660 4.88 0 4205608
0.35 0 287596 4.33 0 4256272 0.34 0 277996 4.61 0 4205568
0.22 0 222084 3.00 0 2804760 0.26 0 209140 3.10 0 2899976
0.35 0 273256 3.80 0 3666460 0.32 0 264620 4.07 0 3810844
0.24 0 240508 3.01 0 2849328 0.27 0 238132 3.11 0 2947636
0.34 0 279156 3.72 0 3654152 0.31 0 274904 3.95 0 3801648
0.29 0 230304 3.64 0 3601948 0.20 0 210240 3.87 0 3750960
0.37 0 281472 4.53 0 4440588 0.36 0 278684 4.65 0 4205568
0.33 0 274692 4.18 0 3995164 0.33 0 266728 4.38 0 4165656
0.29 0 246980 3.68 0 3624988 0.29 0 240020 3.89 0 3772464
0.27 0 230296 3.39 0 3313156 0.27 0 210436 3.51 0 3442192
